#node1	node2	node1_string_id	node2_string_id	neighborhood_on_chromosome	gene_fusion	phylogenetic_cooccurrence	homology	coexpression	experimentally_determined_interaction	database_annotated	automated_textmining	combined_score
ABI1	PIK3R2	9606.ENSP00000365312	9606.ENSP00000222254	0	0	0	0	0	0.184	0	0.065	0.205
ABI1	BLK	9606.ENSP00000365312	9606.ENSP00000259089	0	0	0	0	0	0.143	0	0.052	0.153
ABI1	STAT3	9606.ENSP00000365312	9606.ENSP00000264657	0	0	0	0	0	0	0	0.178	0.178
ABI1	CDK2	9606.ENSP00000365312	9606.ENSP00000266970	0	0	0	0	0.062	0.134	0	0	0.152
ABI1	ERBB3	9606.ENSP00000365312	9606.ENSP00000267101	0	0	0	0	0	0.155	0	0	0.154
ABI1	DGKE	9606.ENSP00000365312	9606.ENSP00000284061	0	0	0	0	0.049	0	0	0.149	0.156
ABI1	SPRED2	9606.ENSP00000365312	9606.ENSP00000348753	0	0	0	0	0.065	0.145	0	0.067	0.188
ABI1	SPTA1	9606.ENSP00000365312	9606.ENSP00000357129	0	0	0	0	0.065	0.297	0	0.092	0.351
ABI1	INPP5E	9606.ENSP00000365312	9606.ENSP00000360777	0	0	0	0	0.052	0	0	0.309	0.316
ABI1	TGFBR1	9606.ENSP00000365312	9606.ENSP00000364133	0	0	0	0	0.062	0.143	0	0.129	0.238
ABI1	SYK	9606.ENSP00000365312	9606.ENSP00000364907	0	0	0	0	0	0.143	0	0.170	0.258
ABI1	PTPRC	9606.ENSP00000365312	9606.ENSP00000411355	0	0	0	0	0.055	0.120	0	0.070	0.159
ABI1	ITK	9606.ENSP00000365312	9606.ENSP00000398655	0	0	0	0	0	0.220	0	0.115	0.281
ABI1	JAK2	9606.ENSP00000365312	9606.ENSP00000371067	0	0	0	0	0.062	0.143	0	0.263	0.356
ABI1	GRB2	9606.ENSP00000365312	9606.ENSP00000376345	0	0	0	0.621	0.062	0.128	0.600	0.429	0.698
ABI1	ITGA4	9606.ENSP00000365312	9606.ENSP00000380227	0	0	0	0	0	0.334	0.900	0.090	0.934
ABI3	IL2RB	9606.ENSP00000225941	9606.ENSP00000216223	0	0	0	0	0.152	0	0	0	0.151
ABI3	UBE2E2	9606.ENSP00000225941	9606.ENSP00000379931	0	0	0	0	0.153	0	0	0	0.152
ABI3	CDK2	9606.ENSP00000225941	9606.ENSP00000266970	0	0	0	0	0.087	0.114	0	0	0.156
ABI3	SP140	9606.ENSP00000225941	9606.ENSP00000375899	0	0	0	0	0.163	0	0	0	0.163
ABI3	PTPN22	9606.ENSP00000225941	9606.ENSP00000352833	0	0	0	0	0.103	0.107	0	0	0.165
ABI3	TGFBR1	9606.ENSP00000225941	9606.ENSP00000364133	0	0	0	0	0.062	0.143	0	0.045	0.165
ABI3	IL16	9606.ENSP00000225941	9606.ENSP00000302935	0	0	0	0	0.167	0	0	0	0.167
ABI3	TGFBR2	9606.ENSP00000225941	9606.ENSP00000351905	0	0	0	0	0	0.143	0	0.079	0.177
ABI3	BLK	9606.ENSP00000225941	9606.ENSP00000259089	0	0	0	0	0.077	0.143	0	0.045	0.178
ABI3	ITGAX	9606.ENSP00000225941	9606.ENSP00000454623	0	0	0	0	0.142	0.060	0	0.065	0.180
ABI3	TAGAP	9606.ENSP00000225941	9606.ENSP00000356033	0	0	0	0	0.182	0	0	0	0.181
ABI3	IKZF1	9606.ENSP00000225941	9606.ENSP00000331614	0	0	0	0	0.185	0	0	0	0.185
ABI3	CD244	9606.ENSP00000225941	9606.ENSP00000357012	0	0	0	0	0.186	0	0	0	0.186
ABI3	SPRED2	9606.ENSP00000225941	9606.ENSP00000348753	0	0	0	0	0.065	0.145	0	0.067	0.188
ABI3	NRROS	9606.ENSP00000225941	9606.ENSP00000328625	0	0	0	0	0.170	0	0	0.066	0.192
ABI3	FCGR3A	9606.ENSP00000225941	9606.ENSP00000356946	0	0	0	0	0.212	0	0	0	0.212
ABI3	CD2	9606.ENSP00000225941	9606.ENSP00000358490	0	0	0	0	0.213	0	0	0	0.213
ABI3	CLNK	9606.ENSP00000225941	9606.ENSP00000226951	0	0	0	0	0	0	0	0.261	0.261
ABI3	PTPRC	9606.ENSP00000225941	9606.ENSP00000411355	0	0	0	0	0.198	0.120	0	0	0.264
ABI3	IRF8	9606.ENSP00000225941	9606.ENSP00000268638	0	0	0	0	0.278	0	0	0	0.278
ABI3	PHOSPHO1	9606.ENSP00000225941	9606.ENSP00000406909	0	0	0	0	0.165	0	0	0.173	0.281
ABI3	RASAL3	9606.ENSP00000225941	9606.ENSP00000341905	0	0	0	0	0.299	0	0	0	0.299
ABI3	SYK	9606.ENSP00000225941	9606.ENSP00000364907	0	0	0	0	0.112	0.143	0	0.153	0.299
ABI3	SAMSN1	9606.ENSP00000225941	9606.ENSP00000285670	0	0	0	0	0.155	0	0	0.237	0.327
ABI3	GNGT2	9606.ENSP00000225941	9606.ENSP00000426022	0	0	0	0	0.356	0	0	0.384	0.586
AJAP1	SOX8	9606.ENSP00000367433	9606.ENSP00000293894	0	0	0	0	0.101	0	0	0.170	0.221
AJAP1	HORMAD2	9606.ENSP00000367433	9606.ENSP00000336984	0	0	0	0	0	0	0	0.164	0.163
AJAP1	EDN3	9606.ENSP00000367433	9606.ENSP00000337128	0	0	0	0	0	0	0	0.162	0.161
AJAP1	PTPN22	9606.ENSP00000367433	9606.ENSP00000352833	0	0	0	0	0.049	0	0	0.165	0.172
AJAP1	PADI4	9606.ENSP00000367433	9606.ENSP00000364597	0	0	0	0	0	0	0	0.222	0.222
AJAP1	PADI6	9606.ENSP00000367433	9606.ENSP00000483125	0	0	0	0	0	0	0	0.151	0.150
AJAP1	P4HA2	9606.ENSP00000367433	9606.ENSP00000384999	0	0	0	0	0	0	0	0.182	0.181
AKAP8	KEAP1	9606.ENSP00000269701	9606.ENSP00000171111	0	0	0	0	0	0	0	0.278	0.278
AKAP8	WIZ	9606.ENSP00000269701	9606.ENSP00000263381	0	0	0	0	0.053	0.056	0	0.261	0.281
AKAP8	RAVER1	9606.ENSP00000269701	9606.ENSP00000293677	0	0	0	0	0.100	0	0	0.101	0.156
AKAP8	CBX3	9606.ENSP00000269701	9606.ENSP00000336687	0	0	0	0	0.121	0	0	0.090	0.166
AKAP8	KSR1	9606.ENSP00000269701	9606.ENSP00000381958	0	0	0	0	0	0.064	0	0.166	0.186
AKAP8	PTPN22	9606.ENSP00000269701	9606.ENSP00000352833	0	0	0	0	0	0	0	0.256	0.256
AKAP8	FEM1A	9606.ENSP00000269701	9606.ENSP00000269856	0	0	0	0	0	0.056	0	0.289	0.300
AKAP8	MXD3	9606.ENSP00000269701	9606.ENSP00000401867	0	0	0	0	0	0	0	0.323	0.323
AKAP8	AKAP8L	9606.ENSP00000269701	9606.ENSP00000380557	0	0	0	0.767	0.076	0.270	0	0.817	0.429
AKAP8L	WIZ	9606.ENSP00000380557	9606.ENSP00000263381	0	0	0	0	0.089	0.056	0	0.190	0.242
AKAP8L	SNAPC4	9606.ENSP00000380557	9606.ENSP00000298532	0	0	0	0	0.165	0	0	0	0.165
AKAP8L	ZBTB38	9606.ENSP00000380557	9606.ENSP00000426387	0	0	0	0	0	0.281	0	0	0.281
AKAP8L	DDX6	9606.ENSP00000380557	9606.ENSP00000478754	0	0	0	0	0.062	0	0	0.290	0.306
AP1S3	GALC	9606.ENSP00000379891	9606.ENSP00000261304	0	0	0	0	0	0	0	0.258	0.258
AP1S3	PARP12	9606.ENSP00000379891	9606.ENSP00000263549	0	0	0	0	0	0	0	0.292	0.292
AP1S3	TNIP1	9606.ENSP00000379891	9606.ENSP00000317891	0	0	0	0	0	0	0	0.160	0.159
AP1S3	CCL20	9606.ENSP00000379891	9606.ENSP00000351671	0	0	0	0	0	0	0	0.197	0.197
AP1S3	UBE2E2	9606.ENSP00000379891	9606.ENSP00000379931	0	0	0	0	0.062	0.149	0	0.043	0.169
AP1S3	LACC1	9606.ENSP00000379891	9606.ENSP00000391747	0	0	0	0	0	0	0	0.208	0.208
AP1S3	TPD52	9606.ENSP00000379891	9606.ENSP00000429309	0	0	0	0	0	0	0.600	0	0.600
AP1S3	RAB5C	9606.ENSP00000379891	9606.ENSP00000447053	0	0	0	0	0.053	0	0.600	0.082	0.621
APLF	PARP12	9606.ENSP00000307004	9606.ENSP00000263549	0	0	0	0	0	0	0	0.606	0.606
APLF	SLX4	9606.ENSP00000307004	9606.ENSP00000294008	0	0	0	0	0	0	0	0.230	0.229
APLF	SLU7	9606.ENSP00000307004	9606.ENSP00000297151	0	0	0	0	0	0.236	0	0	0.236
APLF	NAB2	9606.ENSP00000307004	9606.ENSP00000300131	0	0	0	0	0	0	0	0.327	0.327
APLF	FEN1	9606.ENSP00000307004	9606.ENSP00000305480	0	0	0	0	0	0	0	0.299	0.299
APLF	FBXO48	9606.ENSP00000307004	9606.ENSP00000367193	0	0	0	0	0	0	0	0.642	0.642
ATXN2	PLIN3	9606.ENSP00000366843	9606.ENSP00000221957	0	0	0	0	0	0	0	0.176	0.176
ATXN2	RASIP1	9606.ENSP00000366843	9606.ENSP00000222145	0	0	0	0	0.086	0	0	0.142	0.182
ATXN2	BACH2	9606.ENSP00000366843	9606.ENSP00000257749	0	0	0	0	0	0	0	0.193	0.193
ATXN2	IKZF4	9606.ENSP00000366843	9606.ENSP00000262032	0	0	0	0	0	0.056	0	0.139	0.152
ATXN2	CAMK4	9606.ENSP00000366843	9606.ENSP00000282356	0	0	0	0	0	0	0	0.152	0.152
ATXN2	RAVER1	9606.ENSP00000366843	9606.ENSP00000293677	0	0	0	0	0.062	0.213	0	0.095	0.274
ATXN2	GBA	9606.ENSP00000366843	9606.ENSP00000314508	0	0	0	0	0	0	0	0.345	0.345
ATXN2	CAMK2G	9606.ENSP00000366843	9606.ENSP00000319060	0	0	0	0	0.042	0.155	0	0.072	0.183
ATXN2	PPIL2	9606.ENSP00000366843	9606.ENSP00000334553	0	0	0	0	0.079	0.149	0	0.066	0.204
ATXN2	TRIM46	9606.ENSP00000366843	9606.ENSP00000334657	0	0	0	0	0	0	0	0.285	0.284
ATXN2	PTPN22	9606.ENSP00000366843	9606.ENSP00000352833	0	0	0	0	0.052	0	0	0.225	0.233
ATXN2	SPTA1	9606.ENSP00000366843	9606.ENSP00000357129	0	0	0	0	0	0	0	0.261	0.261
ATXN2	CASP7	9606.ENSP00000366843	9606.ENSP00000358327	0	0	0	0	0	0	0	0.236	0.236
ATXN2	JAK2	9606.ENSP00000366843	9606.ENSP00000371067	0	0	0	0	0.063	0.104	0	0.072	0.153
ATXN2	TMEM258	9606.ENSP00000366843	9606.ENSP00000443216	0	0	0	0	0	0	0	0.156	0.156
ATXN2	CEBPA	9606.ENSP00000366843	9606.ENSP00000427514	0	0	0	0	0	0.167	0	0.042	0.167
ATXN2	DOK6	9606.ENSP00000366843	9606.ENSP00000372160	0	0	0	0	0	0	0	0.177	0.177
ATXN2	UBE2L3	9606.ENSP00000366843	9606.ENSP00000400906	0	0	0	0	0.062	0	0	0.167	0.185
ATXN2	UBE2E2	9606.ENSP00000366843	9606.ENSP00000379931	0	0	0	0	0.081	0	0	0.152	0.188
ATXN2	WDR36	9606.ENSP00000366843	9606.ENSP00000423067	0	0	0	0	0	0	0	0.238	0.238
ATXN2	PARK7	9606.ENSP00000366843	9606.ENSP00000418770	0	0	0	0	0	0	0	0.405	0.405
ATXN2	GPSM1	9606.ENSP00000366843	9606.ENSP00000392828	0	0	0	0	0	0	0	0.420	0.420
ATXN2	RBM17	9606.ENSP00000366843	9606.ENSP00000388638	0	0	0	0	0.046	0	0	0.423	0.426
ATXN2	DDX6	9606.ENSP00000366843	9606.ENSP00000478754	0	0	0	0	0.122	0.895	0	0.936	0.993
B4GALNT1	RAB3A	9606.ENSP00000341562	9606.ENSP00000222256	0	0	0	0	0.198	0	0	0.071	0.223
B4GALNT1	GALC	9606.ENSP00000341562	9606.ENSP00000261304	0	0	0	0	0	0	0	0.386	0.386
B4GALNT1	MARS2	9606.ENSP00000341562	9606.ENSP00000282276	0	0	0	0	0	0	0	0.270	0.270
B4GALNT1	GALNT10	9606.ENSP00000341562	9606.ENSP00000297107	0	0	0	0	0	0	0	0.390	0.390
B4GALNT1	STAT6	9606.ENSP00000341562	9606.ENSP00000300134	0	0	0	0	0	0	0	0.296	0.296
B4GALNT1	PRELID1	9606.ENSP00000341562	9606.ENSP00000302114	0	0	0	0	0	0	0	0.155	0.154
B4GALNT1	FUT1	9606.ENSP00000341562	9606.ENSP00000312021	0	0	0	0	0	0	0	0.277	0.277
B4GALNT1	GBA	9606.ENSP00000341562	9606.ENSP00000314508	0	0	0	0	0	0	0	0.211	0.211
B4GALNT1	OS9	9606.ENSP00000341562	9606.ENSP00000318165	0	0	0	0	0.062	0	0	0.748	0.754
B4GALNT1	FUT2	9606.ENSP00000341562	9606.ENSP00000387498	0	0	0	0	0	0	0	0.168	0.168
B4GALNT1	ORMDL3	9606.ENSP00000341562	9606.ENSP00000377724	0	0	0	0	0	0	0	0.233	0.233
B4GALNT1	TH	9606.ENSP00000341562	9606.ENSP00000370571	0	0	0	0	0.063	0	0	0.218	0.236
B4GALNT1	PHOSPHO1	9606.ENSP00000341562	9606.ENSP00000406909	0	0	0	0	0	0	0	0.257	0.257
B4GALNT1	DNASE1	9606.ENSP00000341562	9606.ENSP00000385905	0	0	0	0	0	0	0	0.317	0.317
B4GALNT1	EXTL2	9606.ENSP00000341562	9606.ENSP00000359132	0	0	0	0	0	0	0	0.325	0.325
BACH2	NFE2L3	9606.ENSP00000257749	9606.ENSP00000056233	0	0	0	0.560	0	0.271	0	0.713	0.495
BACH2	KEAP1	9606.ENSP00000257749	9606.ENSP00000171111	0	0	0	0	0	0.147	0	0.326	0.401
BACH2	HMOX1	9606.ENSP00000257749	9606.ENSP00000216117	0	0	0	0	0	0	0	0.317	0.317
BACH2	IL2RB	9606.ENSP00000257749	9606.ENSP00000216223	0	0	0	0	0	0	0	0.217	0.217
BACH2	CTSH	9606.ENSP00000257749	9606.ENSP00000220166	0	0	0	0	0	0	0	0.488	0.487
BACH2	KAT2A	9606.ENSP00000257749	9606.ENSP00000225916	0	0	0	0	0	0.117	0	0.078	0.151
BACH2	CLNK	9606.ENSP00000257749	9606.ENSP00000226951	0	0	0	0	0	0	0	0.325	0.325
BACH2	IL4	9606.ENSP00000257749	9606.ENSP00000231449	0	0	0	0	0	0	0	0.342	0.342
BACH2	IL1RL1	9606.ENSP00000257749	9606.ENSP00000233954	0	0	0	0	0	0	0	0.193	0.193
BACH2	BATF3	9606.ENSP00000257749	9606.ENSP00000243440	0	0	0	0	0	0.489	0	0.237	0.593
BACH2	IRF1	9606.ENSP00000257749	9606.ENSP00000245414	0	0	0	0	0	0	0	0.186	0.186
BACH2	CCR7	9606.ENSP00000257749	9606.ENSP00000246657	0	0	0	0	0.062	0	0	0.323	0.337
BACH2	NDFIP1	9606.ENSP00000257749	9606.ENSP00000253814	0	0	0	0	0	0	0	0.218	0.218
BACH2	CUL2	9606.ENSP00000257749	9606.ENSP00000444856	0	0	0	0	0	0.056	0	0.139	0.152
BACH2	IRF5	9606.ENSP00000257749	9606.ENSP00000349770	0	0	0	0	0	0	0	0.154	0.153
BACH2	CASP7	9606.ENSP00000257749	9606.ENSP00000358327	0	0	0	0	0	0	0	0.155	0.154
BACH2	PLCL1	9606.ENSP00000257749	9606.ENSP00000402861	0	0	0	0	0	0.056	0	0.142	0.155
BACH2	IL21	9606.ENSP00000257749	9606.ENSP00000264497	0	0	0	0	0	0	0	0.161	0.161
BACH2	NOD2	9606.ENSP00000257749	9606.ENSP00000300589	0	0	0	0	0	0	0	0.161	0.161
BACH2	ITGA4	9606.ENSP00000257749	9606.ENSP00000380227	0	0	0	0	0	0	0	0.167	0.167
BACH2	CTRB2	9606.ENSP00000257749	9606.ENSP00000303963	0	0	0	0	0	0	0	0.167	0.167
BACH2	IL13	9606.ENSP00000257749	9606.ENSP00000304915	0	0	0	0	0	0	0	0.175	0.175
BACH2	TNFRSF14	9606.ENSP00000257749	9606.ENSP00000347948	0	0	0	0	0	0	0	0.181	0.181
BACH2	GPR65	9606.ENSP00000257749	9606.ENSP00000267549	0	0	0	0	0	0	0	0.183	0.183
BACH2	JAK2	9606.ENSP00000257749	9606.ENSP00000371067	0	0	0	0	0	0.101	0	0.146	0.199
BACH2	ZPBP2	9606.ENSP00000257749	9606.ENSP00000335384	0	0	0	0	0	0	0	0.204	0.204
BACH2	KIF21B	9606.ENSP00000257749	9606.ENSP00000411831	0	0	0	0	0	0	0	0.208	0.208
BACH2	KIAA1109	9606.ENSP00000257749	9606.ENSP00000264501	0	0	0	0	0	0	0	0.210	0.210
BACH2	DDX6	9606.ENSP00000257749	9606.ENSP00000478754	0	0	0	0	0.064	0	0	0.193	0.212
BACH2	CD226	9606.ENSP00000257749	9606.ENSP00000280200	0	0	0	0	0	0	0	0.213	0.213
BACH2	BLK	9606.ENSP00000257749	9606.ENSP00000259089	0	0	0	0	0	0.101	0	0.170	0.221
BACH2	SYK	9606.ENSP00000257749	9606.ENSP00000364907	0	0	0	0	0	0.101	0	0.171	0.223
BACH2	IL12RB2	9606.ENSP00000257749	9606.ENSP00000262345	0	0	0	0	0	0	0	0.229	0.228
BACH2	NKX2-3	9606.ENSP00000257749	9606.ENSP00000342828	0	0	0	0	0	0.103	0	0.176	0.229
BACH2	FUT2	9606.ENSP00000257749	9606.ENSP00000387498	0	0	0	0	0	0	0	0.230	0.230
BACH2	GSDMA	9606.ENSP00000257749	9606.ENSP00000301659	0	0	0	0	0	0	0	0.242	0.241
BACH2	CAMK2G	9606.ENSP00000257749	9606.ENSP00000319060	0	0	0	0	0	0	0	0.254	0.254
BACH2	DENND1B	9606.ENSP00000257749	9606.ENSP00000479816	0	0	0	0	0	0	0	0.254	0.254
BACH2	STAT6	9606.ENSP00000257749	9606.ENSP00000300134	0	0	0	0	0	0.057	0	0.243	0.255
BACH2	IL23R	9606.ENSP00000257749	9606.ENSP00000321345	0	0	0	0	0	0	0	0.260	0.260
BACH2	ZFP36L1	9606.ENSP00000257749	9606.ENSP00000388402	0	0	0	0	0.052	0.068	0	0.236	0.266
BACH2	BCL2L11	9606.ENSP00000257749	9606.ENSP00000376943	0	0	0	0	0	0	0	0.279	0.279
BACH2	STAT3	9606.ENSP00000257749	9606.ENSP00000264657	0	0	0	0	0	0.057	0	0.267	0.279
BACH2	FCRL3	9606.ENSP00000257749	9606.ENSP00000357167	0	0	0	0	0	0	0	0.299	0.299
BACH2	GSDMB	9606.ENSP00000257749	9606.ENSP00000415049	0	0	0	0	0	0	0	0.302	0.302
BACH2	ERBB3	9606.ENSP00000257749	9606.ENSP00000267101	0	0	0	0	0	0	0	0.306	0.306
BACH2	IL10	9606.ENSP00000257749	9606.ENSP00000412237	0	0	0	0	0	0	0	0.312	0.312
BACH2	EOMES	9606.ENSP00000257749	9606.ENSP00000388620	0	0	0	0	0	0	0	0.321	0.321
BACH2	HORMAD2	9606.ENSP00000257749	9606.ENSP00000336984	0	0	0	0	0	0	0	0.323	0.323
BACH2	ORMDL3	9606.ENSP00000257749	9606.ENSP00000377724	0	0	0	0	0	0	0	0.325	0.325
BACH2	FOS	9606.ENSP00000257749	9606.ENSP00000306245	0	0	0	0	0	0.056	0	0.318	0.329
BACH2	PTPRC	9606.ENSP00000257749	9606.ENSP00000411355	0	0	0	0	0	0	0	0.334	0.334
BACH2	ETS1	9606.ENSP00000257749	9606.ENSP00000376436	0	0	0	0	0	0	0	0.334	0.334
BACH2	THADA	9606.ENSP00000257749	9606.ENSP00000385995	0	0	0	0	0	0	0	0.359	0.359
BACH2	RGS1	9606.ENSP00000257749	9606.ENSP00000356429	0	0	0	0	0	0	0	0.360	0.360
BACH2	SSTR3	9606.ENSP00000257749	9606.ENSP00000480971	0	0	0	0	0	0	0	0.386	0.386
BACH2	IL7R	9606.ENSP00000257749	9606.ENSP00000306157	0	0	0	0	0	0	0	0.386	0.386
BACH2	IRGM	9606.ENSP00000257749	9606.ENSP00000428220	0	0	0	0	0	0	0	0.388	0.388
BACH2	IKZF3	9606.ENSP00000257749	9606.ENSP00000344544	0	0	0	0	0.062	0.056	0	0.365	0.388
BACH2	IL18R1	9606.ENSP00000257749	9606.ENSP00000387211	0	0	0	0	0	0	0	0.391	0.390
BACH2	IL18RAP	9606.ENSP00000257749	9606.ENSP00000264260	0	0	0	0	0	0	0	0.391	0.390
BACH2	CXCR5	9606.ENSP00000257749	9606.ENSP00000292174	0	0	0	0	0	0	0	0.392	0.392
BACH2	IL19	9606.ENSP00000257749	9606.ENSP00000343000	0	0	0	0	0	0	0	0.398	0.398
BACH2	IKZF4	9606.ENSP00000257749	9606.ENSP00000262032	0	0	0	0	0	0.056	0	0.390	0.399
BACH2	TCF7	9606.ENSP00000257749	9606.ENSP00000340347	0	0	0	0	0.062	0	0	0.389	0.402
BACH2	GATA3	9606.ENSP00000257749	9606.ENSP00000368632	0	0	0	0	0	0.060	0	0.396	0.408
BACH2	TAGAP	9606.ENSP00000257749	9606.ENSP00000356033	0	0	0	0	0	0	0	0.432	0.432
BACH2	CTLA4	9606.ENSP00000257749	9606.ENSP00000303939	0	0	0	0	0	0	0	0.456	0.456
BACH2	IKZF1	9606.ENSP00000257749	9606.ENSP00000331614	0	0	0	0	0.062	0.056	0	0.455	0.475
BACH2	IRF8	9606.ENSP00000257749	9606.ENSP00000268638	0	0	0	0	0	0	0	0.502	0.502
BACH2	IL2RA	9606.ENSP00000257749	9606.ENSP00000369293	0	0	0	0	0	0	0	0.504	0.504
BACH2	THEMIS	9606.ENSP00000257749	9606.ENSP00000357231	0	0	0	0	0.062	0	0	0.495	0.506
BACH2	PTPN22	9606.ENSP00000257749	9606.ENSP00000352833	0	0	0	0	0	0	0	0.530	0.530
BACH2	FOSL2	9606.ENSP00000257749	9606.ENSP00000264716	0	0	0	0	0	0.315	0	0.357	0.541
BACH2	BATF	9606.ENSP00000257749	9606.ENSP00000286639	0	0	0	0	0	0.056	0	0.714	0.719
BAD	DHODH	9606.ENSP00000378040	9606.ENSP00000219240	0	0	0	0	0	0	0	0.437	0.437
BAD	RPS6KB1	9606.ENSP00000378040	9606.ENSP00000225577	0	0	0	0	0	0	0	0.325	0.325
BAD	STAT3	9606.ENSP00000378040	9606.ENSP00000264657	0	0	0	0	0	0	0	0.218	0.218
BAD	CDK2	9606.ENSP00000378040	9606.ENSP00000266970	0	0	0	0	0	0	0	0.153	0.153
BAD	FOS	9606.ENSP00000378040	9606.ENSP00000306245	0	0	0	0	0	0	0	0.162	0.161
BAD	GPX4	9606.ENSP00000378040	9606.ENSP00000346103	0	0	0	0	0.107	0	0	0.132	0.193
BAD	FASLG	9606.ENSP00000378040	9606.ENSP00000356694	0	0	0	0	0	0	0	0.297	0.297
BAD	FCRL3	9606.ENSP00000378040	9606.ENSP00000357167	0	0	0	0	0	0	0	0.249	0.249
BAD	CASP7	9606.ENSP00000378040	9606.ENSP00000358327	0	0	0	0	0	0	0	0.297	0.297
BAD	MMP9	9606.ENSP00000378040	9606.ENSP00000361405	0	0	0	0	0	0	0	0.171	0.171
BAD	SYK	9606.ENSP00000378040	9606.ENSP00000364907	0	0	0	0	0	0.071	0	0.205	0.230
BAD	GRB2	9606.ENSP00000378040	9606.ENSP00000376345	0	0	0	0	0	0.131	0	0.255	0.325
BAD	BCL2L11	9606.ENSP00000378040	9606.ENSP00000376943	0	0	0	0	0	0.270	0.900	0.559	0.964
BAD	KSR1	9606.ENSP00000378040	9606.ENSP00000381958	0	0	0	0	0	0.071	0	0.123	0.150
BAD	POLR2E	9606.ENSP00000378040	9606.ENSP00000478303	0	0	0	0	0.117	0	0	0.134	0.203
BATF	IL2RB	9606.ENSP00000286639	9606.ENSP00000216223	0	0	0	0	0.155	0	0	0.324	0.404
BATF	CCL22	9606.ENSP00000286639	9606.ENSP00000219235	0	0	0	0	0.083	0	0	0.147	0.185
BATF	KAT2A	9606.ENSP00000286639	9606.ENSP00000225916	0	0	0	0	0	0.056	0	0.186	0.199
BATF	IL4	9606.ENSP00000286639	9606.ENSP00000231449	0	0	0	0	0	0	0	0.521	0.521
BATF	IL1RL1	9606.ENSP00000286639	9606.ENSP00000233954	0	0	0	0	0	0	0	0.273	0.273
BATF	BATF3	9606.ENSP00000286639	9606.ENSP00000243440	0	0	0	0.890	0.062	0.271	0.800	0.730	0.863
BATF	IRF1	9606.ENSP00000286639	9606.ENSP00000245414	0	0	0	0	0.117	0	0	0.442	0.487
BATF	CCR7	9606.ENSP00000286639	9606.ENSP00000246657	0	0	0	0	0.231	0	0	0.403	0.521
BATF	IKZF4	9606.ENSP00000286639	9606.ENSP00000262032	0	0	0	0	0	0.062	0	0.199	0.217
BATF	IL12RB2	9606.ENSP00000286639	9606.ENSP00000262345	0	0	0	0	0	0	0	0.260	0.260
BATF	IL18RAP	9606.ENSP00000286639	9606.ENSP00000264260	0	0	0	0	0.133	0.071	0	0.143	0.249
BATF	IL21	9606.ENSP00000286639	9606.ENSP00000264497	0	0	0	0	0	0.182	0	0.437	0.520
BATF	STAT3	9606.ENSP00000286639	9606.ENSP00000264657	0	0	0	0	0	0.281	0.900	0.757	0.981
BATF	FOSL2	9606.ENSP00000286639	9606.ENSP00000264716	0	0	0	0.746	0	0	0	0.662	0.199
BATF	GPR65	9606.ENSP00000286639	9606.ENSP00000267549	0	0	0	0	0.131	0	0	0.076	0.163
BATF	IRF8	9606.ENSP00000286639	9606.ENSP00000268638	0	0	0	0	0.230	0	0	0.852	0.881
BATF	FCGR2A	9606.ENSP00000286639	9606.ENSP00000271450	0	0	0	0	0.109	0	0	0.096	0.160
BATF	SAMSN1	9606.ENSP00000286639	9606.ENSP00000285670	0	0	0	0	0.231	0	0	0.143	0.314
BATF	JAK2	9606.ENSP00000286639	9606.ENSP00000371067	0	0	0	0	0	0.064	0	0.139	0.160
BATF	CBX3	9606.ENSP00000286639	9606.ENSP00000336687	0	0	0	0	0	0.155	0	0.048	0.161
BATF	NRROS	9606.ENSP00000286639	9606.ENSP00000328625	0	0	0	0	0.151	0.056	0	0	0.164
BATF	MMP9	9606.ENSP00000286639	9606.ENSP00000361405	0	0	0	0	0.123	0	0	0.098	0.175
BATF	FASLG	9606.ENSP00000286639	9606.ENSP00000356694	0	0	0	0	0.067	0	0	0.155	0.177
BATF	TNFRSF14	9606.ENSP00000286639	9606.ENSP00000347948	0	0	0	0	0.152	0	0	0.073	0.180
BATF	SOX8	9606.ENSP00000286639	9606.ENSP00000293894	0	0	0	0	0	0.124	0	0.104	0.181
BATF	BCL2L11	9606.ENSP00000286639	9606.ENSP00000376943	0	0	0	0	0	0	0	0.187	0.187
BATF	ITGA4	9606.ENSP00000286639	9606.ENSP00000380227	0	0	0	0	0.065	0	0	0.167	0.188
BATF	FCRL3	9606.ENSP00000286639	9606.ENSP00000357167	0	0	0	0	0.068	0	0	0.169	0.192
BATF	TSLP	9606.ENSP00000286639	9606.ENSP00000339804	0	0	0	0	0	0	0	0.194	0.194
BATF	TNFSF15	9606.ENSP00000286639	9606.ENSP00000363157	0	0	0	0	0	0	0	0.194	0.194
BATF	SP140	9606.ENSP00000286639	9606.ENSP00000375899	0	0	0	0	0.141	0	0	0.113	0.205
BATF	IRF7	9606.ENSP00000286639	9606.ENSP00000380697	0	0	0	0	0.118	0	0	0.140	0.209
BATF	RASAL3	9606.ENSP00000286639	9606.ENSP00000341905	0	0	0	0	0.214	0	0	0	0.214
BATF	PTPN22	9606.ENSP00000286639	9606.ENSP00000352833	0	0	0	0	0.132	0	0	0.136	0.218
BATF	ZNF622	9606.ENSP00000286639	9606.ENSP00000310042	0	0	0	0	0	0.057	0	0.205	0.218
BATF	SYK	9606.ENSP00000286639	9606.ENSP00000364907	0	0	0	0	0.155	0.064	0	0.117	0.241
BATF	NOD2	9606.ENSP00000286639	9606.ENSP00000300589	0	0	0	0	0.213	0	0	0.081	0.245
BATF	RGS1	9606.ENSP00000286639	9606.ENSP00000356429	0	0	0	0	0.160	0	0	0.155	0.260
BATF	CD2	9606.ENSP00000286639	9606.ENSP00000358490	0	0	0	0	0.169	0	0	0.155	0.267
BATF	IRF5	9606.ENSP00000286639	9606.ENSP00000349770	0	0	0	0	0.160	0	0	0.204	0.302
BATF	CCL20	9606.ENSP00000286639	9606.ENSP00000351671	0	0	0	0	0.076	0	0	0.282	0.308
BATF	ITK	9606.ENSP00000286639	9606.ENSP00000398655	0	0	0	0	0.062	0.064	0	0.276	0.309
BATF	IL18R1	9606.ENSP00000286639	9606.ENSP00000387211	0	0	0	0	0.070	0.071	0	0.270	0.314
BATF	TAGAP	9606.ENSP00000286639	9606.ENSP00000356033	0	0	0	0	0.175	0	0	0.208	0.318
BATF	ITGAX	9606.ENSP00000286639	9606.ENSP00000454623	0	0	0	0	0.123	0	0	0.263	0.326
BATF	SNAPC4	9606.ENSP00000286639	9606.ENSP00000298532	0	0	0	0	0	0.104	0	0.291	0.337
BATF	IL13	9606.ENSP00000286639	9606.ENSP00000304915	0	0	0	0	0	0	0	0.348	0.347
BATF	FCGR3A	9606.ENSP00000286639	9606.ENSP00000356946	0	0	0	0	0.120	0	0	0.322	0.378
BATF	ETS1	9606.ENSP00000286639	9606.ENSP00000376436	0	0	0	0	0	0	0	0.392	0.392
BATF	IKZF3	9606.ENSP00000286639	9606.ENSP00000344544	0	0	0	0	0.096	0.062	0	0.364	0.414
BATF	CD274	9606.ENSP00000286639	9606.ENSP00000370989	0	0	0	0	0.098	0	0	0.397	0.432
BATF	CD244	9606.ENSP00000286639	9606.ENSP00000357012	0	0	0	0	0.182	0	0	0.335	0.433
BATF	IL7R	9606.ENSP00000286639	9606.ENSP00000306157	0	0	0	0	0.084	0	0	0.413	0.439
BATF	TRAF1	9606.ENSP00000286639	9606.ENSP00000362994	0	0	0	0	0.159	0.244	0	0.190	0.440
BATF	IL2RA	9606.ENSP00000286639	9606.ENSP00000369293	0	0	0	0	0.111	0	0	0.406	0.449
BATF	HAVCR2	9606.ENSP00000286639	9606.ENSP00000312002	0	0	0	0	0.099	0	0	0.421	0.456
BATF	PTPRC	9606.ENSP00000286639	9606.ENSP00000411355	0	0	0	0	0.189	0	0	0.365	0.463
BATF	IKZF1	9606.ENSP00000286639	9606.ENSP00000331614	0	0	0	0	0.202	0.062	0	0.376	0.492
BATF	TCF7	9606.ENSP00000286639	9606.ENSP00000340347	0	0	0	0	0.062	0.134	0	0.430	0.497
BATF	IL23R	9606.ENSP00000286639	9606.ENSP00000321345	0	0	0	0	0	0	0	0.526	0.526
BATF	STAT6	9606.ENSP00000286639	9606.ENSP00000300134	0	0	0	0	0.076	0.056	0	0.505	0.531
BATF	CEBPA	9606.ENSP00000286639	9606.ENSP00000427514	0	0	0	0	0.076	0.478	0	0.130	0.544
BATF	IL10	9606.ENSP00000286639	9606.ENSP00000412237	0	0	0	0	0.081	0.182	0	0.459	0.558
BATF	EOMES	9606.ENSP00000286639	9606.ENSP00000388620	0	0	0	0	0	0.143	0	0.535	0.585
BATF	CXCR5	9606.ENSP00000286639	9606.ENSP00000292174	0	0	0	0	0.090	0	0	0.570	0.592
BATF	CTLA4	9606.ENSP00000286639	9606.ENSP00000303939	0	0	0	0	0.087	0.077	0	0.556	0.593
BATF	GATA3	9606.ENSP00000286639	9606.ENSP00000368632	0	0	0	0	0.085	0.066	0	0.614	0.641
BATF	FOS	9606.ENSP00000286639	9606.ENSP00000306245	0	0	0	0.748	0	0.213	0.900	0.503	0.927
BATF3	FERMT1	9606.ENSP00000243440	9606.ENSP00000217289	0	0	0	0	0	0	0	0.194	0.194
BATF3	CCL22	9606.ENSP00000243440	9606.ENSP00000219235	0	0	0	0	0.062	0	0	0.261	0.277
BATF3	CTSH	9606.ENSP00000243440	9606.ENSP00000220166	0	0	0	0	0	0	0	0.216	0.216
BATF3	CCL2	9606.ENSP00000243440	9606.ENSP00000225831	0	0	0	0	0.062	0	0	0.234	0.250
BATF3	CLNK	9606.ENSP00000243440	9606.ENSP00000226951	0	0	0	0	0	0	0	0.299	0.299
BATF3	IL4	9606.ENSP00000243440	9606.ENSP00000231449	0	0	0	0	0	0	0	0.391	0.390
BATF3	CBX3	9606.ENSP00000243440	9606.ENSP00000336687	0	0	0	0	0	0.155	0	0	0.154
BATF3	TICAM1	9606.ENSP00000243440	9606.ENSP00000248244	0	0	0	0	0.076	0	0	0.122	0.154
BATF3	IKZF3	9606.ENSP00000243440	9606.ENSP00000344544	0	0	0	0	0	0.062	0	0.136	0.155
BATF3	SLU7	9606.ENSP00000243440	9606.ENSP00000297151	0	0	0	0	0.062	0	0	0.145	0.164
BATF3	IL23R	9606.ENSP00000243440	9606.ENSP00000321345	0	0	0	0	0.062	0	0	0.154	0.172
BATF3	TCF7	9606.ENSP00000243440	9606.ENSP00000340347	0	0	0	0	0	0.134	0	0.084	0.173
BATF3	IFI30	9606.ENSP00000243440	9606.ENSP00000384886	0	0	0	0	0	0	0	0.178	0.178
BATF3	IL2RA	9606.ENSP00000243440	9606.ENSP00000369293	0	0	0	0	0	0	0	0.179	0.179
BATF3	CCL20	9606.ENSP00000243440	9606.ENSP00000351671	0	0	0	0	0	0	0	0.182	0.181
BATF3	RIMBP3C	9606.ENSP00000243440	9606.ENSP00000390630	0	0	0	0	0	0	0	0.181	0.181
BATF3	JAK2	9606.ENSP00000243440	9606.ENSP00000371067	0	0	0	0	0	0.064	0	0.162	0.182
BATF3	STAT6	9606.ENSP00000243440	9606.ENSP00000300134	0	0	0	0	0	0.056	0	0.171	0.183
BATF3	FCGR2A	9606.ENSP00000243440	9606.ENSP00000271450	0	0	0	0	0.065	0	0	0.181	0.201
BATF3	PMEL	9606.ENSP00000243440	9606.ENSP00000402758	0	0	0	0	0	0	0	0.207	0.207
BATF3	CCL21	9606.ENSP00000243440	9606.ENSP00000259607	0	0	0	0	0	0	0	0.208	0.208
BATF3	TSLP	9606.ENSP00000243440	9606.ENSP00000339804	0	0	0	0	0	0	0	0.210	0.210
BATF3	IRF5	9606.ENSP00000243440	9606.ENSP00000349770	0	0	0	0	0.064	0	0	0.194	0.213
BATF3	CCL19	9606.ENSP00000243440	9606.ENSP00000308815	0	0	0	0	0	0	0	0.217	0.217
BATF3	ZNF622	9606.ENSP00000243440	9606.ENSP00000310042	0	0	0	0	0	0.057	0	0.205	0.218
BATF3	IL18R1	9606.ENSP00000243440	9606.ENSP00000387211	0	0	0	0	0	0.071	0	0.200	0.225
BATF3	CXCR5	9606.ENSP00000243440	9606.ENSP00000292174	0	0	0	0	0.062	0	0	0.216	0.233
BATF3	IL13	9606.ENSP00000243440	9606.ENSP00000304915	0	0	0	0	0	0	0	0.244	0.243
BATF3	FOSL2	9606.ENSP00000243440	9606.ENSP00000264716	0	0	0	0	0	0	0	0.252	0.252
BATF3	EOMES	9606.ENSP00000243440	9606.ENSP00000388620	0	0	0	0	0	0.143	0	0.183	0.269
BATF3	IL7R	9606.ENSP00000243440	9606.ENSP00000306157	0	0	0	0	0.062	0	0	0.257	0.273
BATF3	IRF1	9606.ENSP00000243440	9606.ENSP00000245414	0	0	0	0	0.064	0	0	0.279	0.296
BATF3	GATA3	9606.ENSP00000243440	9606.ENSP00000368632	0	0	0	0	0.062	0.066	0	0.264	0.299
BATF3	IKZF1	9606.ENSP00000243440	9606.ENSP00000331614	0	0	0	0	0	0.062	0	0.285	0.300
BATF3	IRF7	9606.ENSP00000243440	9606.ENSP00000380697	0	0	0	0	0.089	0	0	0.273	0.310
BATF3	HAVCR2	9606.ENSP00000243440	9606.ENSP00000312002	0	0	0	0	0.063	0	0	0.323	0.338
BATF3	FCGR3A	9606.ENSP00000243440	9606.ENSP00000356946	0	0	0	0	0.067	0	0	0.324	0.342
BATF3	TRAF1	9606.ENSP00000243440	9606.ENSP00000362994	0	0	0	0	0.078	0.244	0	0.138	0.347
BATF3	STAT3	9606.ENSP00000243440	9606.ENSP00000264657	0	0	0	0	0	0.182	0	0.264	0.372
BATF3	CEBPA	9606.ENSP00000243440	9606.ENSP00000427514	0	0	0	0	0	0.299	0	0.177	0.399
BATF3	IL10	9606.ENSP00000243440	9606.ENSP00000412237	0	0	0	0	0.062	0.105	0	0.390	0.443
BATF3	CTLA4	9606.ENSP00000243440	9606.ENSP00000303939	0	0	0	0	0	0.077	0	0.427	0.448
BATF3	CCR7	9606.ENSP00000243440	9606.ENSP00000246657	0	0	0	0	0.085	0	0	0.472	0.497
BATF3	PTPRC	9606.ENSP00000243440	9606.ENSP00000411355	0	0	0	0	0.081	0	0	0.476	0.497
BATF3	CD274	9606.ENSP00000243440	9606.ENSP00000370989	0	0	0	0	0.117	0	0	0.460	0.503
BATF3	ITGAX	9606.ENSP00000243440	9606.ENSP00000454623	0	0	0	0	0.062	0	0	0.681	0.688
BATF3	IRF8	9606.ENSP00000243440	9606.ENSP00000268638	0	0	0	0	0.090	0	0	0.798	0.808
BATF3	FOS	9606.ENSP00000243440	9606.ENSP00000306245	0	0	0	0	0	0	0.900	0.385	0.935
BCL2L11	KEAP1	9606.ENSP00000376943	9606.ENSP00000171111	0	0	0	0	0	0	0	0.277	0.277
BCL2L11	HMOX1	9606.ENSP00000376943	9606.ENSP00000216117	0	0	0	0	0	0	0	0.297	0.297
BCL2L11	IL2RB	9606.ENSP00000376943	9606.ENSP00000216223	0	0	0	0	0	0	0	0.299	0.299
BCL2L11	PIK3R2	9606.ENSP00000376943	9606.ENSP00000222254	0	0	0	0	0	0	0	0.224	0.224
BCL2L11	RPS6KB1	9606.ENSP00000376943	9606.ENSP00000225577	0	0	0	0	0	0	0	0.518	0.518
BCL2L11	CCL2	9606.ENSP00000376943	9606.ENSP00000225831	0	0	0	0	0	0	0	0.283	0.282
BCL2L11	IL4	9606.ENSP00000376943	9606.ENSP00000231449	0	0	0	0	0	0	0	0.386	0.386
BCL2L11	IRF1	9606.ENSP00000376943	9606.ENSP00000245414	0	0	0	0	0.062	0	0	0.231	0.247
BCL2L11	CCR7	9606.ENSP00000376943	9606.ENSP00000246657	0	0	0	0	0	0	0	0.323	0.323
BCL2L11	WISP1	9606.ENSP00000376943	9606.ENSP00000250160	0	0	0	0	0	0	0	0.269	0.269
BCL2L11	BLK	9606.ENSP00000376943	9606.ENSP00000259089	0	0	0	0	0	0.057	0	0.195	0.208
BCL2L11	NOX4	9606.ENSP00000376943	9606.ENSP00000263317	0	0	0	0	0	0	0	0.234	0.234
BCL2L11	IL21	9606.ENSP00000376943	9606.ENSP00000264497	0	0	0	0	0	0	0	0.168	0.168
BCL2L11	STAT3	9606.ENSP00000376943	9606.ENSP00000264657	0	0	0	0	0	0	0	0.597	0.597
BCL2L11	FOSL2	9606.ENSP00000376943	9606.ENSP00000264716	0	0	0	0	0.062	0	0	0.228	0.245
BCL2L11	CDK2	9606.ENSP00000376943	9606.ENSP00000266970	0	0	0	0	0	0	0	0.523	0.523
BCL2L11	ERBB3	9606.ENSP00000376943	9606.ENSP00000267101	0	0	0	0	0	0	0	0.375	0.375
BCL2L11	CXCR5	9606.ENSP00000376943	9606.ENSP00000292174	0	0	0	0	0	0	0	0.218	0.218
BCL2L11	STAT6	9606.ENSP00000376943	9606.ENSP00000300134	0	0	0	0	0	0	0	0.208	0.208
BCL2L11	CTLA4	9606.ENSP00000376943	9606.ENSP00000303939	0	0	0	0	0	0	0	0.507	0.507
BCL2L11	IL13	9606.ENSP00000376943	9606.ENSP00000304915	0	0	0	0	0	0	0	0.201	0.201
BCL2L11	PRKCB	9606.ENSP00000376943	9606.ENSP00000305355	0	0	0	0	0	0	0	0.154	0.153
BCL2L11	IL7R	9606.ENSP00000376943	9606.ENSP00000306157	0	0	0	0	0.062	0	0	0.465	0.476
BCL2L11	FOS	9606.ENSP00000376943	9606.ENSP00000306245	0	0	0	0	0	0	0	0.414	0.414
BCL2L11	HAVCR2	9606.ENSP00000376943	9606.ENSP00000312002	0	0	0	0	0	0	0	0.234	0.234
BCL2L11	TNIP1	9606.ENSP00000376943	9606.ENSP00000317891	0	0	0	0	0	0	0	0.160	0.160
BCL2L11	CAMK2G	9606.ENSP00000376943	9606.ENSP00000319060	0	0	0	0	0	0	0.900	0.063	0.902
BCL2L11	MALT1	9606.ENSP00000376943	9606.ENSP00000319279	0	0	0	0	0	0	0	0.160	0.159
BCL2L11	IKZF1	9606.ENSP00000376943	9606.ENSP00000331614	0	0	0	0	0	0	0	0.260	0.260
BCL2L11	TSLP	9606.ENSP00000376943	9606.ENSP00000339804	0	0	0	0	0	0	0	0.296	0.296
BCL2L11	TCF7	9606.ENSP00000376943	9606.ENSP00000340347	0	0	0	0	0	0	0	0.208	0.208
BCL2L11	IKZF3	9606.ENSP00000376943	9606.ENSP00000344544	0	0	0	0	0	0	0	0.329	0.329
BCL2L11	RPL3	9606.ENSP00000376943	9606.ENSP00000346001	0	0	0	0	0	0	0	0.248	0.248
BCL2L11	GPX4	9606.ENSP00000376943	9606.ENSP00000346103	0	0	0	0	0	0	0	0.214	0.214
BCL2L11	TGFBR2	9606.ENSP00000376943	9606.ENSP00000351905	0	0	0	0	0	0.057	0	0.296	0.307
BCL2L11	PTPN22	9606.ENSP00000376943	9606.ENSP00000352833	0	0	0	0	0	0	0	0.195	0.195
BCL2L11	FASLG	9606.ENSP00000376943	9606.ENSP00000356694	0	0	0	0	0	0.385	0	0.681	0.795
BCL2L11	FCGR3A	9606.ENSP00000376943	9606.ENSP00000356946	0	0	0	0	0	0	0	0.170	0.169
BCL2L11	CD244	9606.ENSP00000376943	9606.ENSP00000357012	0	0	0	0	0	0	0	0.166	0.165
BCL2L11	CASP7	9606.ENSP00000376943	9606.ENSP00000358327	0	0	0	0	0	0	0	0.623	0.623
BCL2L11	CD2	9606.ENSP00000376943	9606.ENSP00000358490	0	0	0	0	0	0	0	0.180	0.179
BCL2L11	MMP9	9606.ENSP00000376943	9606.ENSP00000361405	0	0	0	0	0	0	0	0.391	0.390
BCL2L11	PLAU	9606.ENSP00000376943	9606.ENSP00000361850	0	0	0	0	0	0	0	0.167	0.167
BCL2L11	TRAF1	9606.ENSP00000376943	9606.ENSP00000362994	0	0	0	0	0.062	0	0	0.377	0.391
BCL2L11	TGFBR1	9606.ENSP00000376943	9606.ENSP00000364133	0	0	0	0	0	0.057	0	0.246	0.258
BCL2L11	SYK	9606.ENSP00000376943	9606.ENSP00000364907	0	0	0	0	0.062	0.057	0	0.324	0.349
BCL2L11	GATA3	9606.ENSP00000376943	9606.ENSP00000368632	0	0	0	0	0	0	0	0.297	0.297
BCL2L11	IL2RA	9606.ENSP00000376943	9606.ENSP00000369293	0	0	0	0	0	0	0	0.318	0.318
BCL2L11	CD274	9606.ENSP00000376943	9606.ENSP00000370989	0	0	0	0	0.062	0	0	0.341	0.355
BCL2L11	JAK2	9606.ENSP00000376943	9606.ENSP00000371067	0	0	0	0	0	0.057	0.900	0.391	0.937
BCL2L11	GRB2	9606.ENSP00000376943	9606.ENSP00000376345	0	0	0	0	0	0	0	0.325	0.325
BCL2L11	ETS1	9606.ENSP00000376943	9606.ENSP00000376436	0	0	0	0	0	0	0	0.267	0.267
BCL2L11	PARK7	9606.ENSP00000376943	9606.ENSP00000418770	0	0	0	0	0	0	0	0.153	0.153
BCL2L11	ITK	9606.ENSP00000376943	9606.ENSP00000398655	0	0	0	0	0	0.057	0	0.144	0.158
BCL2L11	IRF7	9606.ENSP00000376943	9606.ENSP00000380697	0	0	0	0	0	0	0	0.166	0.165
BCL2L11	ITGAX	9606.ENSP00000376943	9606.ENSP00000454623	0	0	0	0	0	0	0	0.242	0.241
BCL2L11	SESN3	9606.ENSP00000376943	9606.ENSP00000441927	0	0	0	0	0	0	0	0.254	0.254
BCL2L11	CEBPA	9606.ENSP00000376943	9606.ENSP00000427514	0	0	0	0	0	0	0	0.298	0.298
BCL2L11	EOMES	9606.ENSP00000376943	9606.ENSP00000388620	0	0	0	0	0	0	0	0.302	0.302
BCL2L11	IL10	9606.ENSP00000376943	9606.ENSP00000412237	0	0	0	0	0	0	0	0.402	0.403
BCL2L11	PTPRC	9606.ENSP00000376943	9606.ENSP00000411355	0	0	0	0	0.062	0	0	0.460	0.471
BCL2L11	KSR1	9606.ENSP00000376943	9606.ENSP00000381958	0	0	0	0	0	0.057	0.600	0.181	0.664
BCL2L11	CUL2	9606.ENSP00000376943	9606.ENSP00000444856	0	0	0	0	0	0.486	0	0.682	0.829
BLK	SLC22A4	9606.ENSP00000259089	9606.ENSP00000200652	0	0	0	0	0	0	0	0.181	0.181
BLK	IL2RB	9606.ENSP00000259089	9606.ENSP00000216223	0	0	0	0	0.233	0	0	0.150	0.320
BLK	CDC37	9606.ENSP00000259089	9606.ENSP00000222005	0	0	0	0	0	0.154	0	0	0.154
BLK	PIK3R2	9606.ENSP00000259089	9606.ENSP00000222254	0	0	0	0	0	0.123	0	0.073	0.153
BLK	RPS6KB1	9606.ENSP00000259089	9606.ENSP00000225577	0	0	0.325	0.565	0.056	0.091	0	0.092	0.238
BLK	IL4	9606.ENSP00000259089	9606.ENSP00000231449	0	0	0	0	0	0	0	0.183	0.183
BLK	CCR7	9606.ENSP00000259089	9606.ENSP00000246657	0	0	0	0	0.189	0	0	0.096	0.236
BLK	HNF1A	9606.ENSP00000259089	9606.ENSP00000257555	0	0	0	0	0	0	0	0.306	0.306
BLK	SP110	9606.ENSP00000259089	9606.ENSP00000258381	0	0	0	0	0.069	0.057	0	0.181	0.218
BLK	CD274	9606.ENSP00000259089	9606.ENSP00000370989	0	0	0	0	0.065	0	0	0.128	0.150
BLK	MMP9	9606.ENSP00000259089	9606.ENSP00000361405	0	0	0	0	0.063	0	0	0.131	0.151
BLK	ZGLP1	9606.ENSP00000259089	9606.ENSP00000384434	0	0	0	0	0	0.139	0	0.055	0.152
BLK	ITGA4	9606.ENSP00000259089	9606.ENSP00000380227	0	0	0	0	0.097	0.075	0	0.071	0.156
BLK	CEBPA	9606.ENSP00000259089	9606.ENSP00000427514	0	0	0	0	0	0.058	0	0.140	0.156
BLK	GNAS	9606.ENSP00000259089	9606.ENSP00000360141	0	0	0	0	0	0.159	0	0	0.158
BLK	HSPA6	9606.ENSP00000259089	9606.ENSP00000310219	0	0	0	0	0	0.125	0	0.080	0.161
BLK	PRKCB	9606.ENSP00000259089	9606.ENSP00000305355	0	0	0	0.569	0.082	0.061	0	0.218	0.172
BLK	CDK2	9606.ENSP00000259089	9606.ENSP00000266970	0	0	0.288	0.664	0.062	0.061	0	0.090	0.175
BLK	NRROS	9606.ENSP00000259089	9606.ENSP00000328625	0	0	0	0	0.136	0.089	0	0	0.179
BLK	PKIA	9606.ENSP00000259089	9606.ENSP00000379696	0	0	0	0	0	0	0	0.191	0.191
BLK	FCGR3A	9606.ENSP00000259089	9606.ENSP00000356946	0	0	0	0	0	0.056	0	0.181	0.193
BLK	RASAL3	9606.ENSP00000259089	9606.ENSP00000341905	0	0	0	0	0.200	0	0	0	0.200
BLK	ITGAX	9606.ENSP00000259089	9606.ENSP00000454623	0	0	0	0	0.067	0.075	0	0.150	0.202
BLK	PPP1R3B	9606.ENSP00000259089	9606.ENSP00000308318	0	0	0	0	0.049	0.058	0	0.181	0.202
BLK	IL12RB2	9606.ENSP00000259089	9606.ENSP00000262345	0	0	0	0	0	0.057	0	0.193	0.206
BLK	CCL21	9606.ENSP00000259089	9606.ENSP00000259607	0	0	0	0	0	0	0	0.207	0.207
BLK	TCF7	9606.ENSP00000259089	9606.ENSP00000340347	0	0	0	0	0.108	0.071	0	0.119	0.207
BLK	GNA12	9606.ENSP00000259089	9606.ENSP00000275364	0	0	0	0	0	0.159	0	0.100	0.210
BLK	STAT6	9606.ENSP00000259089	9606.ENSP00000300134	0	0	0	0	0.076	0.140	0	0.086	0.210
BLK	KIF21B	9606.ENSP00000259089	9606.ENSP00000411831	0	0	0	0	0.082	0.104	0	0.118	0.211
BLK	GRB2	9606.ENSP00000259089	9606.ENSP00000376345	0	0	0	0.713	0	0.156	0	0.292	0.219
BLK	GATA3	9606.ENSP00000259089	9606.ENSP00000368632	0	0	0	0	0.065	0.139	0	0.110	0.221
BLK	IL7R	9606.ENSP00000259089	9606.ENSP00000306157	0	0	0	0	0.100	0.056	0	0.164	0.227
BLK	CD2	9606.ENSP00000259089	9606.ENSP00000358490	0	0	0	0	0.120	0	0	0.164	0.233
BLK	PADI4	9606.ENSP00000259089	9606.ENSP00000364597	0	0	0	0	0	0	0	0.240	0.239
BLK	IL23R	9606.ENSP00000259089	9606.ENSP00000321345	0	0	0	0	0	0	0	0.242	0.241
BLK	CD226	9606.ENSP00000259089	9606.ENSP00000280200	0	0	0	0	0	0	0	0.244	0.244
BLK	IL2RA	9606.ENSP00000259089	9606.ENSP00000369293	0	0	0	0	0.063	0	0	0.234	0.251
BLK	ERBB3	9606.ENSP00000259089	9606.ENSP00000267101	0	0	0	0.677	0	0.242	0	0.117	0.261
BLK	IL10	9606.ENSP00000259089	9606.ENSP00000412237	0	0	0	0	0	0.060	0	0.247	0.261
BLK	PTTG1	9606.ENSP00000259089	9606.ENSP00000377536	0	0	0	0	0	0	0	0.261	0.261
BLK	MFHAS1	9606.ENSP00000259089	9606.ENSP00000276282	0	0	0	0	0	0.089	0	0.225	0.263
BLK	FOS	9606.ENSP00000259089	9606.ENSP00000306245	0	0	0	0	0	0.064	0	0.249	0.267
BLK	TNFRSF14	9606.ENSP00000259089	9606.ENSP00000347948	0	0	0	0	0.126	0	0	0.197	0.268
BLK	GPR65	9606.ENSP00000259089	9606.ENSP00000267549	0	0	0	0	0.261	0.056	0	0	0.273
BLK	IL16	9606.ENSP00000259089	9606.ENSP00000302935	0	0	0	0	0.170	0.117	0	0.089	0.274
BLK	PHF19	9606.ENSP00000259089	9606.ENSP00000483946	0	0	0	0	0	0	0	0.275	0.275
BLK	CD244	9606.ENSP00000259089	9606.ENSP00000357012	0	0	0	0	0.092	0	0	0.245	0.285
BLK	NOD2	9606.ENSP00000259089	9606.ENSP00000300589	0	0	0	0	0.089	0	0	0.249	0.286
BLK	DDX6	9606.ENSP00000259089	9606.ENSP00000478754	0	0	0	0	0	0.059	0	0.285	0.298
BLK	IRF7	9606.ENSP00000259089	9606.ENSP00000380697	0	0	0	0	0.070	0.056	0	0.268	0.301
BLK	RGS1	9606.ENSP00000259089	9606.ENSP00000356429	0	0	0	0	0.143	0.112	0	0.163	0.308
BLK	TAGAP	9606.ENSP00000259089	9606.ENSP00000356033	0	0	0	0	0.199	0.058	0	0.159	0.310
BLK	SPRED2	9606.ENSP00000259089	9606.ENSP00000348753	0	0	0	0	0	0.132	0	0.242	0.313
BLK	KIAA1109	9606.ENSP00000259089	9606.ENSP00000264501	0	0	0	0	0	0.058	0	0.302	0.314
BLK	MALT1	9606.ENSP00000259089	9606.ENSP00000319279	0.047	0	0	0	0	0.056	0	0.315	0.330
BLK	CXCR5	9606.ENSP00000259089	9606.ENSP00000292174	0	0	0	0	0.126	0.056	0	0.285	0.358
BLK	JAZF1	9606.ENSP00000259089	9606.ENSP00000283928	0	0	0	0	0	0.105	0	0.325	0.370
BLK	PLCL1	9606.ENSP00000259089	9606.ENSP00000402861	0	0	0	0	0	0.097	0	0.338	0.377
BLK	ETS1	9606.ENSP00000259089	9606.ENSP00000376436	0	0	0	0	0.088	0.060	0	0.340	0.384
BLK	CTLA4	9606.ENSP00000259089	9606.ENSP00000303939	0	0	0	0	0.101	0.056	0	0.335	0.386
BLK	PTPRC	9606.ENSP00000259089	9606.ENSP00000411355	0	0	0	0	0.235	0.078	0	0.205	0.390
BLK	IRF8	9606.ENSP00000259089	9606.ENSP00000268638	0	0	0	0	0.138	0	0	0.324	0.392
BLK	TRAF1	9606.ENSP00000259089	9606.ENSP00000362994	0	0	0	0	0.126	0.099	0	0.371	0.462
BLK	RPS26	9606.ENSP00000259089	9606.ENSP00000348849	0	0	0	0	0	0	0	0.468	0.468
BLK	FCRL3	9606.ENSP00000259089	9606.ENSP00000357167	0	0	0	0	0.152	0.056	0	0.391	0.470
BLK	IKZF3	9606.ENSP00000259089	9606.ENSP00000344544	0	0	0	0	0.154	0.089	0	0.387	0.486
BLK	ORMDL3	9606.ENSP00000259089	9606.ENSP00000377724	0	0	0	0	0.063	0.062	0	0.472	0.496
BLK	UBE2L3	9606.ENSP00000259089	9606.ENSP00000400906	0	0	0	0	0.062	0.067	0	0.502	0.526
BLK	SLC15A4	9606.ENSP00000259089	9606.ENSP00000266771	0	0	0	0	0	0.056	0	0.556	0.563
BLK	FCGR2A	9606.ENSP00000259089	9606.ENSP00000271450	0	0	0	0	0	0.213	0	0.517	0.603
BLK	TNIP1	9606.ENSP00000259089	9606.ENSP00000317891	0	0	0	0	0	0.056	0	0.602	0.608
BLK	SP140	9606.ENSP00000259089	9606.ENSP00000375899	0	0	0	0	0.182	0.057	0	0.572	0.641
BLK	IRF5	9606.ENSP00000259089	9606.ENSP00000349770	0	0	0	0	0.084	0.064	0	0.669	0.691
BLK	IKZF1	9606.ENSP00000259089	9606.ENSP00000331614	0	0	0	0	0.550	0.067	0	0.390	0.721
BLK	PTPN22	9606.ENSP00000259089	9606.ENSP00000352833	0	0	0	0	0.260	0.078	0	0.634	0.729
BLK	ITK	9606.ENSP00000259089	9606.ENSP00000398655	0	0	0	0.854	0.116	0	0.900	0.549	0.914
BLK	SYK	9606.ENSP00000259089	9606.ENSP00000364907	0	0	0	0.733	0.097	0	0.900	0.640	0.921
BLK	STAT3	9606.ENSP00000259089	9606.ENSP00000264657	0	0	0	0	0	0.716	0.900	0.207	0.975
BMP8A	IL22RA2	9606.ENSP00000327440	9606.ENSP00000296980	0	0	0	0	0	0	0	0.184	0.183
BMP8A	OS9	9606.ENSP00000327440	9606.ENSP00000318165	0	0	0	0	0	0	0	0.437	0.437
BMP8A	SYK	9606.ENSP00000327440	9606.ENSP00000364907	0	0	0	0	0	0.150	0	0.066	0.172
BMP8A	TGFBR2	9606.ENSP00000327440	9606.ENSP00000351905	0	0	0	0	0	0.150	0	0.077	0.181
BMP8A	TGFBR1	9606.ENSP00000327440	9606.ENSP00000364133	0	0	0	0	0	0.150	0	0.149	0.245
CAMK2G	RAB3A	9606.ENSP00000319060	9606.ENSP00000222256	0	0	0	0	0.098	0.058	0	0.285	0.339
CAMK2G	RPS6KB1	9606.ENSP00000319060	9606.ENSP00000225577	0	0	0.338	0.639	0	0	0	0.116	0.172
CAMK2G	CDK2	9606.ENSP00000319060	9606.ENSP00000266970	0	0	0.356	0.704	0.051	0.064	0	0.115	0.183
CAMK2G	CAMK4	9606.ENSP00000319060	9606.ENSP00000282356	0	0	0.305	0.821	0.064	0	0.600	0.436	0.656
CAMK2G	IFNGR2	9606.ENSP00000319060	9606.ENSP00000290219	0	0	0	0	0	0	0.900	0.175	0.913
CAMK2G	PRKCB	9606.ENSP00000319060	9606.ENSP00000305355	0	0	0	0.613	0.063	0	0	0.371	0.188
CAMK2G	FOS	9606.ENSP00000319060	9606.ENSP00000306245	0	0	0	0	0.062	0	0	0.185	0.203
CAMK2G	NDST2	9606.ENSP00000319060	9606.ENSP00000310657	0	0	0	0	0.052	0	0	0.609	0.613
CAMK2G	GNAS	9606.ENSP00000319060	9606.ENSP00000360141	0	0	0	0	0.064	0	0	0.130	0.151
CAMK2G	RASAL3	9606.ENSP00000319060	9606.ENSP00000341905	0	0	0	0	0.055	0.135	0	0.062	0.166
CAMK2G	SLITRK1	9606.ENSP00000319060	9606.ENSP00000366288	0	0	0	0	0.064	0	0	0.177	0.197
CAMK2G	MALT1	9606.ENSP00000319060	9606.ENSP00000319279	0	0	0	0	0	0.270	0	0	0.270
CAMK2G	TH	9606.ENSP00000319060	9606.ENSP00000370571	0	0	0	0	0	0.279	0	0.069	0.300
CAMK2G	PLAU	9606.ENSP00000319060	9606.ENSP00000361850	0	0	0	0	0	0	0	0.305	0.305
CAMK2G	ETS1	9606.ENSP00000319060	9606.ENSP00000376436	0	0	0	0	0	0	0.900	0	0.900
CAMK2G	JAK2	9606.ENSP00000319060	9606.ENSP00000371067	0	0	0	0.557	0.051	0.057	0.900	0.057	0.903
CAMK2G	KSR1	9606.ENSP00000319060	9606.ENSP00000381958	0	0	0	0	0.062	0.057	0.900	0.058	0.905
CAMK4	HMOX1	9606.ENSP00000282356	9606.ENSP00000216117	0	0	0	0	0.083	0.216	0	0.170	0.351
CAMK4	RAB3A	9606.ENSP00000282356	9606.ENSP00000222256	0	0	0	0	0.136	0	0	0.115	0.203
CAMK4	RPS6KB1	9606.ENSP00000282356	9606.ENSP00000225577	0	0	0.270	0.661	0.062	0.078	0	0.195	0.216
CAMK4	STAT3	9606.ENSP00000282356	9606.ENSP00000264657	0	0	0	0	0.052	0.057	0	0.168	0.191
CAMK4	CDK2	9606.ENSP00000282356	9606.ENSP00000266970	0	0	0.343	0.679	0.062	0.079	0	0.165	0.224
CAMK4	GNA12	9606.ENSP00000282356	9606.ENSP00000275364	0	0	0	0	0.062	0.153	0	0.042	0.172
CAMK4	PLCL1	9606.ENSP00000282356	9606.ENSP00000402861	0	0	0	0	0.097	0	0	0.103	0.156
CAMK4	IL10	9606.ENSP00000282356	9606.ENSP00000412237	0	0	0	0	0	0	0	0.158	0.158
CAMK4	TH	9606.ENSP00000282356	9606.ENSP00000370571	0	0	0	0	0	0	0	0.159	0.159
CAMK4	GATA3	9606.ENSP00000282356	9606.ENSP00000368632	0	0	0	0	0	0.093	0	0.110	0.159
CAMK4	TPD52	9606.ENSP00000282356	9606.ENSP00000429309	0	0	0	0	0	0	0	0.165	0.165
CAMK4	ORMDL3	9606.ENSP00000282356	9606.ENSP00000377724	0	0	0	0	0.062	0	0	0.148	0.166
CAMK4	GNAS	9606.ENSP00000282356	9606.ENSP00000360141	0	0	0	0	0.064	0.139	0	0.058	0.174
CAMK4	SBK1	9606.ENSP00000282356	9606.ENSP00000343248	0	0	0.296	0.619	0.085	0	0	0.054	0.182
CAMK4	PRKCB	9606.ENSP00000282356	9606.ENSP00000305355	0	0	0	0.641	0.107	0	0	0.264	0.182
CAMK4	TRAF1	9606.ENSP00000282356	9606.ENSP00000362994	0	0	0	0	0.052	0	0	0.174	0.183
CAMK4	ESRRA	9606.ENSP00000282356	9606.ENSP00000384851	0	0	0	0	0	0.056	0	0.174	0.187
CAMK4	CTLA4	9606.ENSP00000282356	9606.ENSP00000303939	0	0	0	0	0.065	0	0	0.171	0.191
CAMK4	SYK	9606.ENSP00000282356	9606.ENSP00000364907	0	0	0	0.571	0.064	0.062	0	0.314	0.196
CAMK4	SLC12A5	9606.ENSP00000282356	9606.ENSP00000387694	0	0	0	0	0.097	0.058	0	0.157	0.221
CAMK4	HORMAD2	9606.ENSP00000282356	9606.ENSP00000336984	0	0	0	0	0.061	0.214	0	0.101	0.278
CAMK4	WDR36	9606.ENSP00000282356	9606.ENSP00000423067	0	0	0	0	0	0	0	0.403	0.403
CAMK4	FOS	9606.ENSP00000282356	9606.ENSP00000306245	0	0	0	0	0	0	0	0.470	0.470
CARD9	ICAM3	9606.ENSP00000360797	9606.ENSP00000160262	0	0	0	0	0.098	0	0	0.325	0.365
CARD9	SLC22A4	9606.ENSP00000360797	9606.ENSP00000200652	0	0	0	0	0.088	0	0	0.146	0.187
CARD9	CCL2	9606.ENSP00000360797	9606.ENSP00000225831	0	0	0	0	0	0	0	0.234	0.234
CARD9	CLNK	9606.ENSP00000360797	9606.ENSP00000226951	0	0	0	0	0.062	0	0	0.208	0.226
CARD9	IL12B	9606.ENSP00000360797	9606.ENSP00000231228	0	0	0	0	0	0	0	0.200	0.200
CARD9	IL4	9606.ENSP00000360797	9606.ENSP00000231449	0	0	0	0	0	0	0	0.324	0.323
CARD9	IRF1	9606.ENSP00000360797	9606.ENSP00000245414	0	0	0	0	0.062	0	0	0.248	0.264
CARD9	TICAM1	9606.ENSP00000360797	9606.ENSP00000248244	0	0	0	0	0.120	0	0	0.218	0.282
CARD9	DHX58	9606.ENSP00000360797	9606.ENSP00000251642	0	0	0	0	0.098	0	0	0.262	0.305
CARD9	IL18RAP	9606.ENSP00000360797	9606.ENSP00000264260	0	0	0	0	0.065	0	0	0.395	0.410
CARD9	KIAA1109	9606.ENSP00000360797	9606.ENSP00000264501	0	0	0	0	0	0	0	0.166	0.166
CARD9	STAT3	9606.ENSP00000360797	9606.ENSP00000264657	0	0	0	0	0	0	0	0.504	0.504
CARD9	GPR65	9606.ENSP00000360797	9606.ENSP00000267549	0	0	0	0	0.063	0	0	0.243	0.260
CARD9	IRF8	9606.ENSP00000360797	9606.ENSP00000268638	0	0	0	0	0.107	0	0	0.277	0.328
CARD9	FCGR2A	9606.ENSP00000360797	9606.ENSP00000271450	0	0	0	0	0.068	0	0	0.240	0.261
CARD9	GNA12	9606.ENSP00000360797	9606.ENSP00000275364	0	0	0	0	0	0	0	0.213	0.213
CARD9	IFNGR2	9606.ENSP00000360797	9606.ENSP00000290219	0	0	0	0	0	0	0	0.194	0.194
CARD9	CXCR5	9606.ENSP00000360797	9606.ENSP00000292174	0	0	0	0	0	0	0	0.194	0.194
CARD9	SLC9A4	9606.ENSP00000360797	9606.ENSP00000295269	0	0	0	0	0	0	0	0.324	0.323
CARD9	CXCR1	9606.ENSP00000360797	9606.ENSP00000295683	0	0	0	0	0.065	0	0	0.141	0.162
CARD9	CXCL5	9606.ENSP00000360797	9606.ENSP00000296027	0	0	0	0	0	0	0	0.160	0.159
CARD9	SNAPC4	9606.ENSP00000360797	9606.ENSP00000298532	0	0	0	0	0.089	0	0	0.469	0.495
CARD9	STAT6	9606.ENSP00000360797	9606.ENSP00000300134	0	0	0	0	0.069	0	0	0.142	0.167
CARD9	NOD2	9606.ENSP00000360797	9606.ENSP00000300589	0	0	0	0	0.110	0	0.600	0.986	0.994
CARD9	GSDMA	9606.ENSP00000360797	9606.ENSP00000301659	0	0	0	0	0.097	0	0	0.101	0.153
CARD9	CCL11	9606.ENSP00000360797	9606.ENSP00000302234	0	0	0	0	0	0	0	0.164	0.164
CARD9	IL12A	9606.ENSP00000360797	9606.ENSP00000303231	0	0	0	0	0	0	0	0.152	0.151
CARD9	CTLA4	9606.ENSP00000360797	9606.ENSP00000303939	0	0	0	0	0	0	0	0.233	0.232
CARD9	IL13	9606.ENSP00000360797	9606.ENSP00000304915	0	0	0	0	0	0	0	0.246	0.245
CARD9	PRKCB	9606.ENSP00000360797	9606.ENSP00000305355	0	0	0	0	0	0	0	0.161	0.161
CARD9	FOS	9606.ENSP00000360797	9606.ENSP00000306245	0	0	0	0	0	0	0	0.155	0.154
CARD9	CCL19	9606.ENSP00000360797	9606.ENSP00000308815	0	0	0	0	0	0	0	0.209	0.209
CARD9	HAVCR2	9606.ENSP00000360797	9606.ENSP00000312002	0	0	0	0	0.054	0	0	0.165	0.176
CARD9	MALT1	9606.ENSP00000360797	9606.ENSP00000319279	0	0	0	0	0	0.270	0.800	0.985	0.997
CARD9	CXCR2	9606.ENSP00000360797	9606.ENSP00000319635	0	0	0	0	0	0	0	0.246	0.246
CARD9	IL23R	9606.ENSP00000360797	9606.ENSP00000321345	0	0	0	0	0	0	0	0.608	0.608
CARD9	ITLN1	9606.ENSP00000360797	9606.ENSP00000323587	0	0	0	0	0	0	0	0.229	0.229
CARD9	IKZF1	9606.ENSP00000360797	9606.ENSP00000331614	0	0	0	0	0.109	0	0	0.090	0.155
CARD9	RPS6KA4	9606.ENSP00000360797	9606.ENSP00000333896	0	0	0	0	0.155	0	0	0	0.154
CARD9	HORMAD2	9606.ENSP00000360797	9606.ENSP00000336984	0	0	0	0	0	0	0	0.294	0.294
CARD9	NKX2-3	9606.ENSP00000360797	9606.ENSP00000342828	0	0	0	0	0	0	0	0.455	0.455
CARD9	TNFRSF14	9606.ENSP00000360797	9606.ENSP00000347948	0	0	0	0	0.102	0	0	0.096	0.153
CARD9	CCDC88B	9606.ENSP00000360797	9606.ENSP00000349238	0	0	0	0	0.066	0.129	0	0	0.151
CARD9	IRF5	9606.ENSP00000360797	9606.ENSP00000349770	0	0	0	0	0.108	0	0	0.335	0.381
CARD9	CCL20	9606.ENSP00000360797	9606.ENSP00000351671	0	0	0	0	0	0	0	0.261	0.261
CARD9	PTPN22	9606.ENSP00000360797	9606.ENSP00000352833	0	0	0	0	0.085	0	0	0.391	0.419
CARD9	TAGAP	9606.ENSP00000360797	9606.ENSP00000356033	0	0	0	0	0.089	0	0	0.229	0.267
CARD9	FASLG	9606.ENSP00000360797	9606.ENSP00000356694	0	0	0	0	0	0	0	0.151	0.151
CARD9	CASP7	9606.ENSP00000360797	9606.ENSP00000358327	0	0	0	0	0	0	0	0.183	0.183
CARD9	PMPCA	9606.ENSP00000360797	9606.ENSP00000360782	0	0	0	0	0	0	0	0.203	0.203
CARD9	TRAF1	9606.ENSP00000360797	9606.ENSP00000362994	0	0	0	0	0.088	0	0	0.113	0.157
CARD9	MMP9	9606.ENSP00000360797	9606.ENSP00000361405	0	0	0	0	0.077	0	0	0.128	0.161
CARD9	GSDMB	9606.ENSP00000360797	9606.ENSP00000415049	0	0	0	0	0	0	0	0.167	0.167
CARD9	DENND1B	9606.ENSP00000360797	9606.ENSP00000479816	0	0	0	0	0	0	0	0.188	0.188
CARD9	IL2RA	9606.ENSP00000360797	9606.ENSP00000369293	0	0	0	0	0	0	0	0.244	0.243
CARD9	CUL2	9606.ENSP00000360797	9606.ENSP00000444856	0	0	0	0	0	0	0	0.261	0.261
CARD9	JAK2	9606.ENSP00000360797	9606.ENSP00000371067	0	0	0	0	0.061	0	0	0.249	0.264
CARD9	ORMDL3	9606.ENSP00000360797	9606.ENSP00000377724	0	0	0	0	0	0	0	0.267	0.267
CARD9	LACC1	9606.ENSP00000360797	9606.ENSP00000391747	0	0	0	0	0	0	0	0.270	0.270
CARD9	PTPRC	9606.ENSP00000360797	9606.ENSP00000411355	0	0	0	0	0.094	0	0	0.251	0.292
CARD9	GPSM1	9606.ENSP00000360797	9606.ENSP00000392828	0	0	0	0	0.062	0	0	0.325	0.339
CARD9	IRF7	9606.ENSP00000360797	9606.ENSP00000380697	0	0	0	0	0.118	0	0	0.292	0.349
CARD9	IL18R1	9606.ENSP00000360797	9606.ENSP00000387211	0	0	0	0	0	0	0	0.378	0.378
CARD9	ITGAX	9606.ENSP00000360797	9606.ENSP00000454623	0	0	0	0	0.072	0	0	0.369	0.389
CARD9	FUT2	9606.ENSP00000360797	9606.ENSP00000387498	0	0	0	0	0	0	0	0.391	0.390
CARD9	KIF21B	9606.ENSP00000360797	9606.ENSP00000411831	0	0	0	0	0	0	0	0.422	0.422
CARD9	TNFSF15	9606.ENSP00000360797	9606.ENSP00000363157	0	0	0	0	0	0	0	0.455	0.455
CARD9	IRGM	9606.ENSP00000360797	9606.ENSP00000428220	0	0	0	0	0	0	0	0.506	0.506
CARD9	IL10	9606.ENSP00000360797	9606.ENSP00000412237	0	0	0	0	0	0	0	0.533	0.533
CARD9	DNLZ	9606.ENSP00000360797	9606.ENSP00000360803	0	0.413	0	0	0.077	0	0	0.211	0.535
CARD9	SYK	9606.ENSP00000360797	9606.ENSP00000364907	0	0	0	0	0.076	0	0.800	0.988	0.997
CASP7	KEAP1	9606.ENSP00000358327	9606.ENSP00000171111	0	0	0	0	0.046	0	0	0.235	0.239
CASP7	HMOX1	9606.ENSP00000358327	9606.ENSP00000216117	0	0	0	0	0.049	0	0	0.268	0.274
CASP7	RPS6KB1	9606.ENSP00000358327	9606.ENSP00000225577	0	0	0	0	0.049	0.132	0	0.394	0.456
CASP7	CCL2	9606.ENSP00000358327	9606.ENSP00000225831	0	0	0	0	0.049	0	0	0.218	0.224
CASP7	CLNK	9606.ENSP00000358327	9606.ENSP00000226951	0	0	0	0	0.049	0	0	0.194	0.200
CASP7	IL4	9606.ENSP00000358327	9606.ENSP00000231449	0	0	0	0	0	0	0	0.162	0.161
CASP7	IL1RL1	9606.ENSP00000358327	9606.ENSP00000233954	0	0	0	0	0	0	0	0.192	0.192
CASP7	IRF1	9606.ENSP00000358327	9606.ENSP00000245414	0	0	0	0	0.063	0	0	0.261	0.277
CASP7	TICAM1	9606.ENSP00000358327	9606.ENSP00000248244	0	0	0	0	0.069	0	0	0.167	0.191
CASP7	IKZF4	9606.ENSP00000358327	9606.ENSP00000262032	0	0	0	0	0	0.056	0	0.150	0.163
CASP7	STAT3	9606.ENSP00000358327	9606.ENSP00000264657	0	0	0	0	0.062	0	0	0.392	0.405
CASP7	CDK2	9606.ENSP00000358327	9606.ENSP00000266970	0	0	0	0	0.062	0	0	0.523	0.533
CASP7	ERBB3	9606.ENSP00000358327	9606.ENSP00000267101	0	0	0	0	0	0.117	0	0.221	0.283
CASP7	CXCL3	9606.ENSP00000358327	9606.ENSP00000296026	0	0	0	0	0	0	0	0.185	0.185
CASP7	STAT6	9606.ENSP00000358327	9606.ENSP00000300134	0	0	0	0	0.062	0	0	0.164	0.182
CASP7	NOD2	9606.ENSP00000358327	9606.ENSP00000300589	0	0	0	0	0	0.056	0	0.173	0.185
CASP7	GSDMA	9606.ENSP00000358327	9606.ENSP00000301659	0	0	0	0	0	0.103	0	0.211	0.262
CASP7	IL7R	9606.ENSP00000358327	9606.ENSP00000306157	0	0	0	0	0.062	0	0	0.142	0.161
CASP7	FOS	9606.ENSP00000358327	9606.ENSP00000306245	0	0	0	0	0	0	0	0.240	0.239
CASP7	HSPA6	9606.ENSP00000358327	9606.ENSP00000310219	0	0	0	0	0.046	0.140	0	0.091	0.189
CASP7	TCF7	9606.ENSP00000358327	9606.ENSP00000340347	0	0	0	0	0	0	0	0.541	0.541
CASP7	GPX4	9606.ENSP00000358327	9606.ENSP00000346103	0	0	0	0	0	0	0	0.311	0.311
CASP7	TGFBR2	9606.ENSP00000358327	9606.ENSP00000351905	0	0	0	0	0.069	0.063	0	0.140	0.184
CASP7	PTPN22	9606.ENSP00000358327	9606.ENSP00000352833	0	0	0	0	0	0	0	0.154	0.154
CASP7	FASLG	9606.ENSP00000358327	9606.ENSP00000356694	0	0	0	0	0	0	0.900	0.561	0.954
CASP7	PTPRC	9606.ENSP00000358327	9606.ENSP00000411355	0	0	0	0	0	0	0	0.158	0.157
CASP7	TH	9606.ENSP00000358327	9606.ENSP00000370571	0	0	0	0	0	0	0	0.163	0.163
CASP7	CD274	9606.ENSP00000358327	9606.ENSP00000370989	0	0	0	0	0.085	0	0	0.142	0.181
CASP7	IRF7	9606.ENSP00000358327	9606.ENSP00000380697	0	0	0	0	0.062	0	0	0.172	0.190
CASP7	SYK	9606.ENSP00000358327	9606.ENSP00000364907	0	0	0	0	0.062	0.063	0	0.167	0.203
CASP7	PARK7	9606.ENSP00000358327	9606.ENSP00000418770	0	0	0	0	0	0	0	0.212	0.212
CASP7	IL10	9606.ENSP00000358327	9606.ENSP00000412237	0	0	0	0	0	0	0	0.242	0.241
CASP7	JAK2	9606.ENSP00000358327	9606.ENSP00000371067	0	0	0	0	0.054	0.063	0	0.238	0.265
CASP7	TRAF1	9606.ENSP00000358327	9606.ENSP00000362994	0	0	0	0	0	0	0	0.282	0.282
CASP7	GRB2	9606.ENSP00000358327	9606.ENSP00000376345	0	0	0	0	0	0	0	0.312	0.312
CASP7	MMP9	9606.ENSP00000358327	9606.ENSP00000361405	0	0	0	0	0	0	0	0.325	0.325
CASP7	ZBTB38	9606.ENSP00000358327	9606.ENSP00000426387	0	0	0	0	0	0.056	0	0.432	0.440
CBX3	NFE2L3	9606.ENSP00000336687	9606.ENSP00000056233	0	0	0	0	0.088	0	0	0.211	0.250
CBX3	KAT2A	9606.ENSP00000336687	9606.ENSP00000225916	0	0	0	0	0.068	0.102	0	0.245	0.313
CBX3	HNF1A	9606.ENSP00000336687	9606.ENSP00000257555	0	0	0	0	0	0.270	0	0.075	0.295
CBX3	SP110	9606.ENSP00000336687	9606.ENSP00000258381	0	0	0	0	0.079	0.160	0	0	0.194
CBX3	WIZ	9606.ENSP00000336687	9606.ENSP00000263381	0	0	0	0	0.068	0.162	0	0.141	0.271
CBX3	STAT3	9606.ENSP00000336687	9606.ENSP00000264657	0	0	0	0	0.063	0.143	0	0.188	0.291
CBX3	FOSL2	9606.ENSP00000336687	9606.ENSP00000264716	0	0	0	0	0	0.155	0	0	0.154
CBX3	CDK2	9606.ENSP00000336687	9606.ENSP00000266970	0	0	0	0	0.111	0	0	0.171	0.232
CBX3	SOX8	9606.ENSP00000336687	9606.ENSP00000293894	0	0	0	0	0	0.144	0	0.066	0.166
CBX3	STAT6	9606.ENSP00000336687	9606.ENSP00000300134	0	0	0	0	0.063	0.143	0	0.101	0.215
CBX3	FEN1	9606.ENSP00000336687	9606.ENSP00000305480	0	0	0	0	0.194	0	0	0.074	0.222
CBX3	FOS	9606.ENSP00000336687	9606.ENSP00000306245	0	0	0	0	0	0.155	0	0.126	0.229
CBX3	HSPA6	9606.ENSP00000336687	9606.ENSP00000310219	0	0	0	0	0.104	0.076	0	0.113	0.201
CBX3	IKZF1	9606.ENSP00000336687	9606.ENSP00000331614	0	0	0	0	0	0.078	0	0.436	0.458
CBX3	PFDN4	9606.ENSP00000336687	9606.ENSP00000360473	0	0	0	0	0.150	0	0	0	0.150
CBX3	PTTG1	9606.ENSP00000336687	9606.ENSP00000377536	0	0	0	0	0.139	0	0	0.066	0.161
CBX3	RBM17	9606.ENSP00000336687	9606.ENSP00000388638	0	0	0	0	0.094	0	0	0.119	0.168
CBX3	ZGLP1	9606.ENSP00000336687	9606.ENSP00000384434	0	0	0	0	0	0.148	0	0.065	0.170
CBX3	TRMT112	9606.ENSP00000336687	9606.ENSP00000438349	0	0	0	0	0.173	0	0	0	0.173
CBX3	GATA3	9606.ENSP00000336687	9606.ENSP00000368632	0	0	0	0	0	0.148	0	0.088	0.190
CBX3	KSR1	9606.ENSP00000336687	9606.ENSP00000381958	0	0	0	0	0	0.270	0	0	0.270
CBX3	NSL1	9606.ENSP00000336687	9606.ENSP00000355944	0	0	0	0	0	0.740	0	0.538	0.874
CCDC88B	IL1RL1	9606.ENSP00000349238	9606.ENSP00000233954	0	0	0	0	0	0	0	0.185	0.185
CCDC88B	IL18RAP	9606.ENSP00000349238	9606.ENSP00000264260	0	0	0	0	0.089	0	0	0.225	0.263
CCDC88B	KIAA1109	9606.ENSP00000349238	9606.ENSP00000264501	0	0	0	0	0	0	0	0.216	0.216
CCDC88B	PRDX5	9606.ENSP00000349238	9606.ENSP00000265462	0	0	0	0	0	0	0	0.294	0.294
CCDC88B	IRF8	9606.ENSP00000349238	9606.ENSP00000268638	0	0	0	0	0.137	0	0	0.093	0.184
CCDC88B	GNA12	9606.ENSP00000349238	9606.ENSP00000275364	0	0	0	0	0.063	0	0	0.324	0.339
CCDC88B	NOD2	9606.ENSP00000349238	9606.ENSP00000300589	0	0	0	0	0.093	0	0	0.146	0.192
CCDC88B	FUT1	9606.ENSP00000349238	9606.ENSP00000312021	0	0	0	0	0	0	0	0.230	0.230
CCDC88B	GBA	9606.ENSP00000349238	9606.ENSP00000314508	0	0	0	0	0.062	0	0	0.162	0.180
CCDC88B	TNFRSF14	9606.ENSP00000349238	9606.ENSP00000347948	0	0	0	0	0.146	0	0	0.058	0.162
CCDC88B	CEBPA	9606.ENSP00000349238	9606.ENSP00000427514	0	0	0	0	0	0	0	0.162	0.161
CCDC88B	ITGAX	9606.ENSP00000349238	9606.ENSP00000454623	0	0	0	0	0.170	0	0	0	0.170
CCDC88B	IFI30	9606.ENSP00000349238	9606.ENSP00000384886	0	0	0	0	0.158	0	0	0.063	0.178
CCDC88B	PTPRC	9606.ENSP00000349238	9606.ENSP00000411355	0	0	0	0	0.157	0	0	0.067	0.180
CCDC88B	UBE2L3	9606.ENSP00000349238	9606.ENSP00000400906	0	0	0	0	0.062	0	0	0.186	0.204
CCDC88B	TNFSF15	9606.ENSP00000349238	9606.ENSP00000363157	0	0	0	0	0	0	0	0.244	0.244
CCDC88B	KCNK4	9606.ENSP00000349238	9606.ENSP00000444948	0	0	0	0	0	0	0	0.341	0.341
CCDC88B	LACC1	9606.ENSP00000349238	9606.ENSP00000391747	0	0	0	0	0.062	0	0	0.511	0.522
CCL11	CX3CL1	9606.ENSP00000302234	9606.ENSP00000006053	0	0	0	0	0.062	0	0	0.702	0.709
CCL11	HMOX1	9606.ENSP00000302234	9606.ENSP00000216117	0	0	0	0	0	0	0	0.195	0.195
CCL11	IL2RB	9606.ENSP00000302234	9606.ENSP00000216223	0	0	0	0	0.144	0	0	0.128	0.222
CCL11	CCL22	9606.ENSP00000302234	9606.ENSP00000219235	0	0	0	0	0.053	0	0	0.743	0.747
CCL11	CCL2	9606.ENSP00000302234	9606.ENSP00000225831	0	0	0	0.966	0.112	0.286	0	0.865	0.358
CCL11	IL12B	9606.ENSP00000302234	9606.ENSP00000231228	0	0	0	0	0	0	0	0.406	0.406
CCL11	IL4	9606.ENSP00000302234	9606.ENSP00000231449	0	0	0	0	0.065	0	0	0.872	0.875
CCL11	IL1RL1	9606.ENSP00000302234	9606.ENSP00000233954	0	0	0	0	0.053	0	0	0.325	0.333
CCL11	IRF1	9606.ENSP00000302234	9606.ENSP00000245414	0	0	0	0	0.076	0	0	0.243	0.271
CCL11	CCR7	9606.ENSP00000302234	9606.ENSP00000246657	0	0	0	0	0	0	0.600	0.472	0.780
CCL11	LIF	9606.ENSP00000302234	9606.ENSP00000249075	0	0	0	0	0	0	0	0.390	0.390
CCL11	CCL21	9606.ENSP00000302234	9606.ENSP00000259607	0	0	0	0.812	0.231	0	0	0.567	0.310
CCL11	CCL27	9606.ENSP00000302234	9606.ENSP00000259631	0	0	0	0	0	0.280	0	0.564	0.672
CCL11	IL21	9606.ENSP00000302234	9606.ENSP00000264497	0	0	0	0	0	0	0	0.427	0.427
CCL11	STAT3	9606.ENSP00000302234	9606.ENSP00000264657	0	0	0	0	0.049	0	0	0.398	0.403
CCL11	FCGR2A	9606.ENSP00000302234	9606.ENSP00000271450	0	0	0	0	0	0	0	0.320	0.320
CCL11	CXCR5	9606.ENSP00000302234	9606.ENSP00000292174	0	0	0	0	0.055	0	0.600	0.324	0.722
CCL11	CXCR1	9606.ENSP00000302234	9606.ENSP00000295683	0	0	0	0	0	0	0.600	0.523	0.801
CCL11	RETNLB	9606.ENSP00000302234	9606.ENSP00000295755	0	0	0	0	0.139	0	0	0.340	0.407
CCL11	CXCL3	9606.ENSP00000302234	9606.ENSP00000296026	0	0	0	0	0.066	0.280	0	0.513	0.644
CCL11	CXCL5	9606.ENSP00000302234	9606.ENSP00000296027	0	0	0	0	0.064	0.223	0	0.671	0.740
CCL11	PPBP	9606.ENSP00000302234	9606.ENSP00000296028	0	0	0	0	0.065	0	0	0.405	0.420
CCL11	PF4	9606.ENSP00000302234	9606.ENSP00000296029	0	0	0	0	0.062	0.237	0	0.491	0.604
CCL11	STAT6	9606.ENSP00000302234	9606.ENSP00000300134	0	0	0	0	0.049	0	0.900	0.609	0.959
CCL11	NOD2	9606.ENSP00000302234	9606.ENSP00000300589	0	0	0	0	0.062	0	0	0.220	0.237
CCL11	IL23R	9606.ENSP00000302234	9606.ENSP00000321345	0	0	0	0	0	0	0	0.156	0.155
CCL11	TNFSF15	9606.ENSP00000302234	9606.ENSP00000363157	0	0	0	0	0.063	0	0	0.137	0.156
CCL11	PLAU	9606.ENSP00000302234	9606.ENSP00000361850	0	0	0	0	0	0	0	0.160	0.160
CCL11	ITLN1	9606.ENSP00000302234	9606.ENSP00000323587	0	0	0	0	0.143	0	0	0.060	0.160
CCL11	HAVCR2	9606.ENSP00000302234	9606.ENSP00000312002	0	0	0	0	0.064	0	0	0.142	0.162
CCL11	CD2	9606.ENSP00000302234	9606.ENSP00000358490	0	0	0	0	0.061	0	0	0.145	0.162
CCL11	FOS	9606.ENSP00000302234	9606.ENSP00000306245	0	0	0	0	0.055	0	0	0.166	0.178
CCL11	IRF5	9606.ENSP00000302234	9606.ENSP00000349770	0	0	0	0	0.062	0	0	0.163	0.182
CCL11	CEBPA	9606.ENSP00000302234	9606.ENSP00000427514	0	0	0	0	0.108	0	0	0.129	0.189
CCL11	TNFSF14	9606.ENSP00000302234	9606.ENSP00000469049	0	0	0	0	0.054	0	0	0.180	0.191
CCL11	SYK	9606.ENSP00000302234	9606.ENSP00000364907	0	0	0	0	0.064	0	0	0.181	0.200
CCL11	ORMDL3	9606.ENSP00000302234	9606.ENSP00000377724	0	0	0	0	0	0	0	0.214	0.214
CCL11	IL18R1	9606.ENSP00000302234	9606.ENSP00000387211	0	0	0	0	0	0	0	0.216	0.216
CCL11	IL19	9606.ENSP00000302234	9606.ENSP00000343000	0	0	0	0	0	0	0	0.235	0.235
CCL11	ITGA4	9606.ENSP00000302234	9606.ENSP00000380227	0	0	0	0	0	0	0	0.236	0.236
CCL11	FGF21	9606.ENSP00000302234	9606.ENSP00000471477	0	0	0	0	0	0	0	0.238	0.238
CCL11	MUC1	9606.ENSP00000302234	9606.ENSP00000484824	0	0	0	0	0.061	0	0	0.223	0.239
CCL11	JAK2	9606.ENSP00000302234	9606.ENSP00000371067	0	0	0	0	0	0	0	0.242	0.241
CCL11	IRF7	9606.ENSP00000302234	9606.ENSP00000380697	0	0	0	0	0.092	0	0	0.204	0.246
CCL11	CD274	9606.ENSP00000302234	9606.ENSP00000370989	0	0	0	0	0.066	0	0	0.241	0.261
CCL11	HP	9606.ENSP00000302234	9606.ENSP00000348170	0	0	0	0	0.053	0	0	0.266	0.275
CCL11	FASLG	9606.ENSP00000302234	9606.ENSP00000356694	0	0	0	0	0	0	0	0.321	0.321
CCL11	TNIP1	9606.ENSP00000302234	9606.ENSP00000317891	0	0	0	0	0.062	0	0	0.323	0.337
CCL11	IL7R	9606.ENSP00000302234	9606.ENSP00000306157	0	0	0	0	0.101	0	0	0.294	0.338
CCL11	FCGR3A	9606.ENSP00000302234	9606.ENSP00000356946	0	0	0	0	0.063	0	0	0.373	0.387
CCL11	CTLA4	9606.ENSP00000302234	9606.ENSP00000303939	0	0	0	0	0.064	0	0	0.404	0.418
CCL11	GATA3	9606.ENSP00000302234	9606.ENSP00000368632	0	0	0	0	0	0	0	0.426	0.426
CCL11	ITGAX	9606.ENSP00000302234	9606.ENSP00000454623	0	0	0	0	0	0	0	0.470	0.470
CCL11	MMP9	9606.ENSP00000302234	9606.ENSP00000361405	0	0	0	0	0.062	0	0	0.474	0.485
CCL11	PTPRC	9606.ENSP00000302234	9606.ENSP00000411355	0	0	0	0	0.122	0	0	0.467	0.512
CCL11	IL2RA	9606.ENSP00000302234	9606.ENSP00000369293	0	0	0	0	0	0	0	0.560	0.560
CCL11	CCL20	9606.ENSP00000302234	9606.ENSP00000351671	0	0	0	0	0.062	0	0	0.642	0.650
CCL11	CCL19	9606.ENSP00000302234	9606.ENSP00000308815	0	0	0	0	0.166	0	0	0.608	0.659
CCL11	TSLP	9606.ENSP00000302234	9606.ENSP00000339804	0	0	0	0	0	0	0	0.659	0.659
CCL11	IL16	9606.ENSP00000302234	9606.ENSP00000302935	0	0	0	0	0.084	0	0	0.668	0.683
CCL11	CXCR2	9606.ENSP00000302234	9606.ENSP00000319635	0	0	0	0	0	0	0.600	0.531	0.804
CCL11	IL10	9606.ENSP00000302234	9606.ENSP00000412237	0	0	0	0	0.062	0	0	0.834	0.838
CCL11	IL13	9606.ENSP00000302234	9606.ENSP00000304915	0	0	0	0	0	0	0	0.890	0.890
CCL11	GNAS	9606.ENSP00000302234	9606.ENSP00000360141	0	0	0	0	0	0	0.900	0	0.900
CCL19	CX3CL1	9606.ENSP00000308815	9606.ENSP00000006053	0	0	0	0	0.081	0	0	0.570	0.589
CCL19	ICAM3	9606.ENSP00000308815	9606.ENSP00000160262	0	0	0	0	0.049	0	0	0.234	0.240
CCL19	FAP	9606.ENSP00000308815	9606.ENSP00000188790	0	0	0	0	0	0	0	0.300	0.300
CCL19	IL2RB	9606.ENSP00000308815	9606.ENSP00000216223	0	0	0	0	0.520	0	0	0.263	0.631
CCL19	CCL22	9606.ENSP00000308815	9606.ENSP00000219235	0	0	0	0	0.062	0.213	0.900	0.687	0.973
CCL19	CCL2	9606.ENSP00000308815	9606.ENSP00000225831	0	0	0	0	0.264	0	0.900	0.681	0.974
CCL19	IL12B	9606.ENSP00000308815	9606.ENSP00000231228	0	0	0	0	0	0	0.900	0.064	0.902
CCL19	IL4	9606.ENSP00000308815	9606.ENSP00000231449	0	0	0	0	0	0	0	0.563	0.563
CCL19	IL1RL1	9606.ENSP00000308815	9606.ENSP00000233954	0	0	0	0	0.062	0	0	0.146	0.165
CCL19	IRF1	9606.ENSP00000308815	9606.ENSP00000245414	0	0	0	0	0.065	0	0	0.307	0.324
CCL19	CCR7	9606.ENSP00000308815	9606.ENSP00000246657	0	0	0	0	0.152	0.270	0.800	0.989	0.998
CCL19	LIF	9606.ENSP00000308815	9606.ENSP00000249075	0	0	0	0	0	0	0.900	0.140	0.910
CCL19	DHX58	9606.ENSP00000308815	9606.ENSP00000251642	0	0	0	0	0.211	0	0	0.145	0.297
CCL19	CCL21	9606.ENSP00000308815	9606.ENSP00000259607	0	0	0	0.844	0.547	0	0.800	0.915	0.919
CCL19	CCL27	9606.ENSP00000308815	9606.ENSP00000259631	0	0	0	0	0	0	0	0.519	0.519
CCL19	IL12RB2	9606.ENSP00000308815	9606.ENSP00000262345	0	0	0	0	0.062	0	0	0.146	0.165
CCL19	STAT3	9606.ENSP00000308815	9606.ENSP00000264657	0	0	0	0	0.049	0	0.650	0.328	0.756
CCL19	IRF8	9606.ENSP00000308815	9606.ENSP00000268638	0	0	0	0	0.139	0	0	0.283	0.356
CCL19	FCGR2A	9606.ENSP00000308815	9606.ENSP00000271450	0	0	0	0	0.065	0	0	0.294	0.311
CCL19	OSMR	9606.ENSP00000308815	9606.ENSP00000274276	0	0	0	0	0.062	0	0	0.167	0.185
CCL19	IFNGR2	9606.ENSP00000308815	9606.ENSP00000290219	0	0	0	0	0.062	0	0	0.177	0.195
CCL19	CXCR5	9606.ENSP00000308815	9606.ENSP00000292174	0	0	0	0	0.065	0	0.600	0.707	0.881
CCL19	CXCR1	9606.ENSP00000308815	9606.ENSP00000295683	0	0	0	0	0	0	0.600	0.527	0.802
CCL19	CXCL3	9606.ENSP00000308815	9606.ENSP00000296026	0	0	0	0	0.062	0	0	0.486	0.498
CCL19	CXCL5	9606.ENSP00000308815	9606.ENSP00000296027	0	0	0	0	0.062	0	0	0.589	0.598
CCL19	PPBP	9606.ENSP00000308815	9606.ENSP00000296028	0	0	0	0	0.062	0	0	0.416	0.428
CCL19	PF4	9606.ENSP00000308815	9606.ENSP00000296029	0	0	0	0	0	0	0	0.469	0.469
CCL19	IL22RA2	9606.ENSP00000308815	9606.ENSP00000296980	0	0	0	0	0.088	0	0	0.235	0.273
CCL19	STAT6	9606.ENSP00000308815	9606.ENSP00000300134	0	0	0	0	0.049	0	0	0.205	0.211
CCL19	NOD2	9606.ENSP00000308815	9606.ENSP00000300589	0	0	0	0	0.088	0	0	0.180	0.220
CCL19	IL16	9606.ENSP00000308815	9606.ENSP00000302935	0	0	0	0	0.102	0	0	0.458	0.493
CCL19	IL12A	9606.ENSP00000308815	9606.ENSP00000303231	0	0	0	0	0	0	0.900	0.114	0.907
CCL19	CTLA4	9606.ENSP00000308815	9606.ENSP00000303939	0	0	0	0	0.088	0	0	0.505	0.529
CCL19	IL13	9606.ENSP00000308815	9606.ENSP00000304915	0	0	0	0	0	0	0	0.464	0.463
CCL19	IL7R	9606.ENSP00000308815	9606.ENSP00000306157	0	0	0	0	0.517	0	0	0.468	0.732
CCL19	TNFRSF11A	9606.ENSP00000308815	9606.ENSP00000465500	0	0	0	0	0	0	0	0.158	0.158
CCL19	CD244	9606.ENSP00000308815	9606.ENSP00000357012	0	0	0	0	0	0	0	0.161	0.161
CCL19	EOMES	9606.ENSP00000308815	9606.ENSP00000388620	0	0	0	0	0	0	0	0.167	0.167
CCL19	PMEL	9606.ENSP00000308815	9606.ENSP00000402758	0	0	0	0	0	0	0	0.167	0.167
CCL19	JAK2	9606.ENSP00000308815	9606.ENSP00000371067	0	0	0	0	0.062	0	0	0.155	0.173
CCL19	IKZF1	9606.ENSP00000308815	9606.ENSP00000331614	0	0	0	0	0.143	0	0	0.081	0.179
CCL19	HPR	9606.ENSP00000308815	9606.ENSP00000441828	0	0	0	0	0	0	0	0.190	0.190
CCL19	PTPN22	9606.ENSP00000308815	9606.ENSP00000352833	0	0	0	0	0.156	0	0	0.095	0.203
CCL19	IL19	9606.ENSP00000308815	9606.ENSP00000343000	0	0	0	0	0	0	0	0.208	0.208
CCL19	IL18R1	9606.ENSP00000308815	9606.ENSP00000387211	0	0	0	0	0.062	0	0	0.206	0.223
CCL19	IRF5	9606.ENSP00000308815	9606.ENSP00000349770	0	0	0	0	0	0	0	0.230	0.230
CCL19	HAVCR2	9606.ENSP00000308815	9606.ENSP00000312002	0	0	0	0	0.082	0	0	0.204	0.238
CCL19	IL23R	9606.ENSP00000308815	9606.ENSP00000321345	0	0	0	0	0	0	0	0.242	0.242
CCL19	GATA3	9606.ENSP00000308815	9606.ENSP00000368632	0	0	0	0	0	0	0	0.248	0.248
CCL19	ITK	9606.ENSP00000308815	9606.ENSP00000398655	0	0	0	0	0.155	0	0	0.154	0.254
CCL19	FASLG	9606.ENSP00000308815	9606.ENSP00000356694	0	0	0	0	0	0	0	0.261	0.261
CCL19	HECA	9606.ENSP00000308815	9606.ENSP00000356630	0	0	0	0	0	0	0	0.265	0.265
CCL19	ITGA4	9606.ENSP00000308815	9606.ENSP00000380227	0	0	0	0	0	0	0	0.272	0.272
CCL19	HP	9606.ENSP00000308815	9606.ENSP00000348170	0	0	0	0	0	0	0	0.276	0.276
CCL19	IL2RA	9606.ENSP00000308815	9606.ENSP00000369293	0	0	0	0	0.088	0	0	0.247	0.284
CCL19	IFI30	9606.ENSP00000308815	9606.ENSP00000384886	0	0	0	0	0.060	0	0	0.272	0.286
CCL19	TNFSF14	9606.ENSP00000308815	9606.ENSP00000469049	0	0	0	0	0	0	0	0.301	0.301
CCL19	SYK	9606.ENSP00000308815	9606.ENSP00000364907	0	0	0	0	0.120	0	0	0.240	0.302
CCL19	TNFRSF14	9606.ENSP00000308815	9606.ENSP00000347948	0	0	0	0	0.076	0	0	0.285	0.311
CCL19	IRF7	9606.ENSP00000308815	9606.ENSP00000380697	0	0	0	0	0.079	0	0	0.324	0.351
CCL19	RGS1	9606.ENSP00000308815	9606.ENSP00000356429	0	0	0	0	0.183	0	0	0.264	0.373
CCL19	MMP9	9606.ENSP00000308815	9606.ENSP00000361405	0	0	0	0	0.124	0	0	0.391	0.443
CCL19	FCGR3A	9606.ENSP00000308815	9606.ENSP00000356946	0	0	0	0	0.152	0	0	0.372	0.444
CCL19	CD2	9606.ENSP00000308815	9606.ENSP00000358490	0	0	0	0	0.310	0	0	0.233	0.448
CCL19	CD274	9606.ENSP00000308815	9606.ENSP00000370989	0	0	0	0	0.101	0	0	0.414	0.450
CCL19	TSLP	9606.ENSP00000308815	9606.ENSP00000339804	0	0	0	0	0	0	0	0.539	0.539
CCL19	PTPRC	9606.ENSP00000308815	9606.ENSP00000411355	0	0	0	0	0.109	0	0	0.556	0.587
CCL19	ITGAX	9606.ENSP00000308815	9606.ENSP00000454623	0	0	0	0	0.088	0	0	0.615	0.634
CCL19	CXCR2	9606.ENSP00000308815	9606.ENSP00000319635	0	0	0	0	0	0	0.600	0.532	0.804
CCL19	CCL7	9606.ENSP00000308815	9606.ENSP00000367832	0	0	0	0	0.259	0	0	0.771	0.823
CCL19	CCL20	9606.ENSP00000308815	9606.ENSP00000351671	0	0	0	0	0.085	0	0.600	0.718	0.888
CCL19	IL10	9606.ENSP00000308815	9606.ENSP00000412237	0	0	0	0	0	0	0.900	0.600	0.958
CCL2	CX3CL1	9606.ENSP00000225831	9606.ENSP00000006053	0	0	0	0	0.057	0	0	0.834	0.837
CCL2	ICAM3	9606.ENSP00000225831	9606.ENSP00000160262	0	0	0	0	0.054	0	0	0.390	0.398
CCL2	KEAP1	9606.ENSP00000225831	9606.ENSP00000171111	0	0	0	0	0	0	0	0.371	0.371
CCL2	SCT	9606.ENSP00000225831	9606.ENSP00000176195	0	0	0	0	0	0	0	0.163	0.163
CCL2	FAP	9606.ENSP00000225831	9606.ENSP00000188790	0	0	0	0	0.096	0	0	0.294	0.334
CCL2	HMOX1	9606.ENSP00000225831	9606.ENSP00000216117	0	0	0	0	0.095	0	0	0.668	0.686
CCL2	IL2RB	9606.ENSP00000225831	9606.ENSP00000216223	0	0	0	0	0.232	0	0	0.290	0.431
CCL2	CCL22	9606.ENSP00000225831	9606.ENSP00000219235	0	0	0	0	0.062	0	0.900	0.777	0.977
CCL2	ICAM5	9606.ENSP00000225831	9606.ENSP00000221980	0	0	0	0	0.054	0	0	0.353	0.362
CCL2	RPS6KB1	9606.ENSP00000225831	9606.ENSP00000225577	0	0	0	0	0	0	0	0.310	0.309
CCL2	ERBB3	9606.ENSP00000225831	9606.ENSP00000267101	0	0	0	0	0	0	0	0.154	0.153
CCL2	TNFRSF11A	9606.ENSP00000225831	9606.ENSP00000465500	0	0	0	0	0	0	0	0.155	0.154
CCL2	MALT1	9606.ENSP00000225831	9606.ENSP00000319279	0	0	0	0	0.064	0	0	0.138	0.158
CCL2	IL22RA2	9606.ENSP00000225831	9606.ENSP00000296980	0	0	0	0	0	0	0	0.161	0.161
CCL2	EOMES	9606.ENSP00000225831	9606.ENSP00000388620	0	0	0	0	0	0	0	0.162	0.161
CCL2	FADS1	9606.ENSP00000225831	9606.ENSP00000322229	0	0	0	0	0	0	0	0.161	0.161
CCL2	ITK	9606.ENSP00000225831	9606.ENSP00000398655	0	0	0	0	0.062	0	0	0.143	0.161
CCL2	IFI30	9606.ENSP00000225831	9606.ENSP00000384886	0	0	0	0	0	0	0	0.161	0.161
CCL2	PADI4	9606.ENSP00000225831	9606.ENSP00000364597	0	0	0	0	0	0	0	0.180	0.179
CCL2	TNIP1	9606.ENSP00000225831	9606.ENSP00000317891	0	0	0	0	0.060	0	0	0.162	0.179
CCL2	CD244	9606.ENSP00000225831	9606.ENSP00000357012	0	0	0	0	0	0	0	0.181	0.181
CCL2	IL12RB2	9606.ENSP00000225831	9606.ENSP00000262345	0	0	0	0	0	0	0	0.185	0.185
CCL2	GPX4	9606.ENSP00000225831	9606.ENSP00000346103	0	0	0	0	0	0	0	0.187	0.187
CCL2	PVR	9606.ENSP00000225831	9606.ENSP00000402060	0	0	0	0	0.062	0	0	0.173	0.191
CCL2	CCL21	9606.ENSP00000225831	9606.ENSP00000259607	0	0	0	0.806	0.076	0	0	0.726	0.204
CCL2	RGS1	9606.ENSP00000225831	9606.ENSP00000356429	0	0	0	0	0.096	0	0	0.156	0.204
CCL2	FOSL2	9606.ENSP00000225831	9606.ENSP00000264716	0	0	0	0	0.070	0	0	0.182	0.206
CCL2	DNASE1	9606.ENSP00000225831	9606.ENSP00000385905	0	0	0	0	0.097	0	0	0.160	0.209
CCL2	TRAT1	9606.ENSP00000225831	9606.ENSP00000295756	0	0	0	0	0.126	0	0	0.134	0.210
CCL2	PTPN22	9606.ENSP00000225831	9606.ENSP00000352833	0	0	0	0	0.075	0	0	0.193	0.221
CCL2	IL18RAP	9606.ENSP00000225831	9606.ENSP00000264260	0	0	0	0	0.064	0	0	0.202	0.221
CCL2	ETS2	9606.ENSP00000225831	9606.ENSP00000353344	0	0	0	0	0.086	0	0	0.187	0.225
CCL2	DHX58	9606.ENSP00000225831	9606.ENSP00000251642	0	0	0	0	0.053	0	0	0.219	0.228
CCL2	WISP1	9606.ENSP00000225831	9606.ENSP00000250160	0	0	0	0	0.098	0	0	0.181	0.229
CCL2	CD2	9606.ENSP00000225831	9606.ENSP00000358490	0	0	0	0	0	0	0	0.233	0.232
CCL2	IRGM	9606.ENSP00000225831	9606.ENSP00000428220	0	0	0	0	0.053	0	0	0.234	0.243
CCL2	CD226	9606.ENSP00000225831	9606.ENSP00000280200	0	0	0	0	0	0	0	0.245	0.244
CCL2	CDK2	9606.ENSP00000225831	9606.ENSP00000266970	0	0	0	0	0	0	0	0.247	0.246
CCL2	TNFRSF14	9606.ENSP00000225831	9606.ENSP00000347948	0	0	0	0	0	0	0	0.252	0.252
CCL2	GRB2	9606.ENSP00000225831	9606.ENSP00000376345	0	0	0	0	0.102	0	0	0.203	0.253
CCL2	PMEL	9606.ENSP00000225831	9606.ENSP00000402758	0	0	0	0	0.051	0	0	0.252	0.259
CCL2	SP110	9606.ENSP00000225831	9606.ENSP00000258381	0	0	0	0	0	0	0	0.266	0.266
CCL2	IFNGR2	9606.ENSP00000225831	9606.ENSP00000290219	0	0	0	0	0.074	0	0	0.241	0.267
CCL2	PRKCB	9606.ENSP00000225831	9606.ENSP00000305355	0	0	0	0	0	0	0	0.278	0.278
CCL2	TNFSF15	9606.ENSP00000225831	9606.ENSP00000363157	0	0	0	0	0	0	0	0.282	0.282
CCL2	TH	9606.ENSP00000225831	9606.ENSP00000370571	0	0	0	0	0	0	0	0.282	0.282
CCL2	IL18R1	9606.ENSP00000225831	9606.ENSP00000387211	0	0	0	0	0.062	0	0	0.275	0.290
CCL2	OSMR	9606.ENSP00000225831	9606.ENSP00000274276	0	0	0	0	0.091	0	0	0.261	0.299
CCL2	TNFSF14	9606.ENSP00000225831	9606.ENSP00000469049	0	0	0	0	0.062	0	0	0.298	0.313
CCL2	TICAM1	9606.ENSP00000225831	9606.ENSP00000248244	0	0	0	0	0	0	0	0.324	0.323
CCL2	IL23R	9606.ENSP00000225831	9606.ENSP00000321345	0	0	0	0	0	0	0	0.325	0.325
CCL2	TRAF1	9606.ENSP00000225831	9606.ENSP00000362994	0	0	0	0	0	0	0	0.330	0.330
CCL2	CCL7	9606.ENSP00000225831	9606.ENSP00000367832	0	0	0	0.968	0.317	0	0	0.857	0.335
CCL2	ETS1	9606.ENSP00000225831	9606.ENSP00000376436	0	0	0	0	0.062	0	0	0.334	0.348
CCL2	LRP1	9606.ENSP00000225831	9606.ENSP00000243077	0	0	0	0	0.076	0	0	0.324	0.348
CCL2	TGFBR2	9606.ENSP00000225831	9606.ENSP00000351905	0	0	0	0	0.076	0	0	0.325	0.350
CCL2	ITGA4	9606.ENSP00000225831	9606.ENSP00000380227	0	0	0	0	0	0	0	0.370	0.370
CCL2	TGFBR1	9606.ENSP00000225831	9606.ENSP00000364133	0	0	0	0	0	0	0	0.371	0.371
CCL2	IL19	9606.ENSP00000225831	9606.ENSP00000343000	0	0	0	0	0	0	0	0.371	0.371
CCL2	MUC1	9606.ENSP00000225831	9606.ENSP00000484824	0	0	0	0	0.065	0	0	0.362	0.377
CCL2	ITLN1	9606.ENSP00000225831	9606.ENSP00000323587	0	0	0	0	0	0	0	0.391	0.390
CCL2	IRF8	9606.ENSP00000225831	9606.ENSP00000268638	0	0	0	0	0.061	0	0	0.381	0.393
CCL2	GATA3	9606.ENSP00000225831	9606.ENSP00000368632	0	0	0	0	0	0	0	0.395	0.394
CCL2	IL1RL1	9606.ENSP00000225831	9606.ENSP00000233954	0	0	0	0	0.062	0	0	0.393	0.407
CCL2	FGF21	9606.ENSP00000225831	9606.ENSP00000471477	0	0	0	0	0	0	0	0.409	0.409
CCL2	HAVCR2	9606.ENSP00000225831	9606.ENSP00000312002	0	0	0	0	0.088	0	0	0.395	0.424
CCL2	CEBPA	9606.ENSP00000225831	9606.ENSP00000427514	0	0	0	0	0	0	0	0.452	0.452
CCL2	IRF5	9606.ENSP00000225831	9606.ENSP00000349770	0	0	0	0	0.056	0	0	0.459	0.467
CCL2	SYK	9606.ENSP00000225831	9606.ENSP00000364907	0	0	0	0	0.143	0	0	0.425	0.486
CCL2	HP	9606.ENSP00000225831	9606.ENSP00000348170	0	0	0	0	0	0	0	0.493	0.493
CCL2	TSLP	9606.ENSP00000225831	9606.ENSP00000339804	0	0	0	0	0.063	0	0	0.500	0.511
CCL2	RETNLB	9606.ENSP00000225831	9606.ENSP00000295755	0	0	0	0	0.062	0	0	0.505	0.515
CCL2	IL2RA	9606.ENSP00000225831	9606.ENSP00000369293	0	0	0	0	0	0	0	0.517	0.517
CCL2	PLAU	9606.ENSP00000225831	9606.ENSP00000361850	0	0	0	0	0.122	0	0	0.475	0.519
CCL2	CCL27	9606.ENSP00000225831	9606.ENSP00000259631	0	0	0	0	0	0	0	0.520	0.520
CCL2	STAT6	9606.ENSP00000225831	9606.ENSP00000300134	0	0	0	0	0	0	0	0.527	0.527
CCL2	NOD2	9606.ENSP00000225831	9606.ENSP00000300589	0	0	0	0	0.066	0	0	0.518	0.530
CCL2	JAK2	9606.ENSP00000225831	9606.ENSP00000371067	0	0	0	0	0.062	0	0	0.521	0.531
CCL2	FCGR2A	9606.ENSP00000225831	9606.ENSP00000271450	0	0	0	0	0.062	0	0	0.521	0.531
CCL2	IRF7	9606.ENSP00000225831	9606.ENSP00000380697	0	0	0	0	0.062	0	0	0.529	0.539
CCL2	IL7R	9606.ENSP00000225831	9606.ENSP00000306157	0	0	0	0	0.240	0	0	0.421	0.541
CCL2	FASLG	9606.ENSP00000225831	9606.ENSP00000356694	0	0	0	0	0	0	0	0.543	0.543
CCL2	NOX4	9606.ENSP00000225831	9606.ENSP00000263317	0	0	0	0	0.062	0	0	0.557	0.566
CCL2	PPBP	9606.ENSP00000225831	9606.ENSP00000296028	0	0	0	0	0.066	0	0	0.568	0.579
CCL2	IL21	9606.ENSP00000225831	9606.ENSP00000264497	0	0	0	0	0	0	0	0.608	0.608
CCL2	CTLA4	9606.ENSP00000225831	9606.ENSP00000303939	0	0	0	0	0.065	0	0	0.607	0.616
CCL2	CD274	9606.ENSP00000225831	9606.ENSP00000370989	0	0	0	0	0.092	0	0	0.603	0.624
CCL2	IL16	9606.ENSP00000225831	9606.ENSP00000302935	0	0	0	0	0.063	0	0	0.661	0.669
CCL2	FCGR3A	9606.ENSP00000225831	9606.ENSP00000356946	0	0	0	0	0.063	0	0	0.683	0.690
CCL2	PF4	9606.ENSP00000225831	9606.ENSP00000296029	0	0	0	0	0.062	0.237	0	0.622	0.706
CCL2	ITGAX	9606.ENSP00000225831	9606.ENSP00000454623	0	0	0	0	0.056	0	0	0.703	0.707
CCL2	IRF1	9606.ENSP00000225831	9606.ENSP00000245414	0	0	0	0	0.072	0.270	0	0.620	0.720
CCL2	PTPRC	9606.ENSP00000225831	9606.ENSP00000411355	0	0	0	0	0.062	0	0	0.717	0.724
CCL2	CXCL3	9606.ENSP00000225831	9606.ENSP00000296026	0	0	0	0	0.165	0	0	0.697	0.736
CCL2	CXCR5	9606.ENSP00000225831	9606.ENSP00000292174	0	0	0	0	0	0.057	0.600	0.467	0.781
CCL2	MMP9	9606.ENSP00000225831	9606.ENSP00000361405	0	0	0	0	0.076	0	0	0.779	0.787
CCL2	CXCL5	9606.ENSP00000225831	9606.ENSP00000296027	0	0	0	0	0.185	0	0	0.790	0.821
CCL2	CCR7	9606.ENSP00000225831	9606.ENSP00000246657	0	0	0	0	0.062	0	0.600	0.660	0.861
CCL2	CXCR1	9606.ENSP00000225831	9606.ENSP00000295683	0	0	0	0	0	0.057	0.600	0.715	0.883
CCL2	STAT3	9606.ENSP00000225831	9606.ENSP00000264657	0	0	0	0	0	0	0.650	0.696	0.889
CCL2	IL12A	9606.ENSP00000225831	9606.ENSP00000303231	0	0	0	0	0	0	0.900	0.175	0.914
CCL2	IL12B	9606.ENSP00000225831	9606.ENSP00000231228	0	0	0	0	0.062	0	0.900	0.297	0.928
CCL2	CXCR2	9606.ENSP00000225831	9606.ENSP00000319635	0	0	0	0	0	0.057	0.600	0.826	0.929
CCL2	LIF	9606.ENSP00000225831	9606.ENSP00000249075	0	0	0	0	0.098	0	0.900	0.506	0.951
CCL2	FOS	9606.ENSP00000225831	9606.ENSP00000306245	0	0	0	0	0	0	0.900	0.556	0.953
CCL2	CCL20	9606.ENSP00000225831	9606.ENSP00000351671	0	0	0	0	0.107	0	0.900	0.784	0.979
CCL2	IL13	9606.ENSP00000225831	9606.ENSP00000304915	0	0	0	0	0	0	0.900	0.841	0.983
CCL2	IL4	9606.ENSP00000225831	9606.ENSP00000231449	0	0	0	0	0	0	0.900	0.860	0.985
CCL2	IL10	9606.ENSP00000225831	9606.ENSP00000412237	0	0	0	0	0	0	0.900	0.901	0.989
CCL20	CX3CL1	9606.ENSP00000351671	9606.ENSP00000006053	0	0	0	0	0	0	0	0.662	0.662
CCL20	ICAM3	9606.ENSP00000351671	9606.ENSP00000160262	0	0	0	0	0.062	0	0	0.218	0.235
CCL20	KEAP1	9606.ENSP00000351671	9606.ENSP00000171111	0	0	0	0	0	0	0	0.153	0.153
CCL20	HMOX1	9606.ENSP00000351671	9606.ENSP00000216117	0	0	0	0	0	0	0	0.206	0.206
CCL20	IL2RB	9606.ENSP00000351671	9606.ENSP00000216223	0	0	0	0	0	0	0	0.271	0.271
CCL20	CCL22	9606.ENSP00000351671	9606.ENSP00000219235	0	0	0	0	0	0	0.900	0.715	0.970
CCL20	CTSH	9606.ENSP00000351671	9606.ENSP00000220166	0	0	0	0	0.066	0	0	0.144	0.166
CCL20	IL12B	9606.ENSP00000351671	9606.ENSP00000231228	0	0	0	0	0	0	0.900	0.169	0.913
CCL20	IL4	9606.ENSP00000351671	9606.ENSP00000231449	0	0	0	0	0	0	0	0.654	0.654
CCL20	IL1RL1	9606.ENSP00000351671	9606.ENSP00000233954	0	0	0	0	0	0	0	0.261	0.261
CCL20	IRF1	9606.ENSP00000351671	9606.ENSP00000245414	0	0	0	0	0.140	0	0	0.391	0.454
CCL20	CCR7	9606.ENSP00000351671	9606.ENSP00000246657	0	0	0	0	0.065	0	0.600	0.725	0.888
CCL20	TICAM1	9606.ENSP00000351671	9606.ENSP00000248244	0	0	0	0	0.087	0	0	0.163	0.203
CCL20	LIF	9606.ENSP00000351671	9606.ENSP00000249075	0	0	0	0	0.140	0	0.900	0.268	0.931
CCL20	CCL21	9606.ENSP00000351671	9606.ENSP00000259607	0	0	0	0.791	0.073	0	0	0.700	0.206
CCL20	CCL27	9606.ENSP00000351671	9606.ENSP00000259631	0	0	0	0	0	0	0	0.608	0.608
CCL20	IL12RB2	9606.ENSP00000351671	9606.ENSP00000262345	0	0	0	0	0	0	0	0.289	0.288
CCL20	IL18RAP	9606.ENSP00000351671	9606.ENSP00000264260	0	0	0	0	0	0	0	0.217	0.217
CCL20	IL21	9606.ENSP00000351671	9606.ENSP00000264497	0	0	0	0	0	0	0	0.327	0.327
CCL20	STAT3	9606.ENSP00000351671	9606.ENSP00000264657	0	0	0	0	0	0	0.650	0.558	0.838
CCL20	IRF8	9606.ENSP00000351671	9606.ENSP00000268638	0	0	0	0	0	0	0	0.235	0.235
CCL20	FCGR2A	9606.ENSP00000351671	9606.ENSP00000271450	0	0	0	0	0	0	0	0.269	0.269
CCL20	OSMR	9606.ENSP00000351671	9606.ENSP00000274276	0	0	0	0	0.062	0	0	0.134	0.152
CCL20	IFNGR2	9606.ENSP00000351671	9606.ENSP00000290219	0	0	0	0	0.059	0	0	0.180	0.195
CCL20	CXCR5	9606.ENSP00000351671	9606.ENSP00000292174	0	0	0	0	0.062	0	0.600	0.654	0.859
CCL20	CXCR1	9606.ENSP00000351671	9606.ENSP00000295683	0	0	0	0	0	0	0.600	0.524	0.801
CCL20	CXCL3	9606.ENSP00000351671	9606.ENSP00000296026	0	0	0	0	0.308	0	0	0.735	0.809
CCL20	CXCL5	9606.ENSP00000351671	9606.ENSP00000296027	0	0	0	0	0.139	0.280	0	0.746	0.829
CCL20	PPBP	9606.ENSP00000351671	9606.ENSP00000296028	0	0	0	0	0.072	0	0	0.521	0.537
CCL20	PF4	9606.ENSP00000351671	9606.ENSP00000296029	0	0	0	0	0.063	0.272	0	0.469	0.606
CCL20	IL22RA2	9606.ENSP00000351671	9606.ENSP00000296980	0	0	0	0	0	0	0	0.224	0.224
CCL20	STAT6	9606.ENSP00000351671	9606.ENSP00000300134	0	0	0	0	0	0	0	0.390	0.390
CCL20	NOD2	9606.ENSP00000351671	9606.ENSP00000300589	0	0	0	0	0.065	0	0	0.420	0.434
CCL20	IL16	9606.ENSP00000351671	9606.ENSP00000302935	0	0	0	0	0	0	0	0.500	0.499
CCL20	IL12A	9606.ENSP00000351671	9606.ENSP00000303231	0	0	0	0	0	0	0.900	0.171	0.913
CCL20	CTLA4	9606.ENSP00000351671	9606.ENSP00000303939	0	0	0	0	0	0	0	0.505	0.505
CCL20	IL13	9606.ENSP00000351671	9606.ENSP00000304915	0	0	0	0	0	0	0	0.651	0.651
CCL20	IL7R	9606.ENSP00000351671	9606.ENSP00000306157	0	0	0	0	0.065	0	0	0.391	0.406
CCL20	FOS	9606.ENSP00000351671	9606.ENSP00000306245	0	0	0	0	0	0	0	0.314	0.313
CCL20	HAVCR2	9606.ENSP00000351671	9606.ENSP00000312002	0	0	0	0	0	0	0	0.218	0.218
CCL20	TNIP1	9606.ENSP00000351671	9606.ENSP00000317891	0	0	0	0	0.094	0	0	0.193	0.237
CCL20	MALT1	9606.ENSP00000351671	9606.ENSP00000319279	0	0	0	0	0	0	0	0.163	0.163
CCL20	CXCR2	9606.ENSP00000351671	9606.ENSP00000319635	0	0	0	0	0	0	0.600	0.565	0.818
CCL20	IL23R	9606.ENSP00000351671	9606.ENSP00000321345	0	0	0	0	0	0	0	0.568	0.568
CCL20	TSLP	9606.ENSP00000351671	9606.ENSP00000339804	0	0	0	0	0.072	0	0	0.559	0.573
CCL20	ICAM4	9606.ENSP00000351671	9606.ENSP00000342114	0	0	0	0	0.062	0	0	0.183	0.201
CCL20	IL19	9606.ENSP00000351671	9606.ENSP00000343000	0	0	0	0	0.062	0	0	0.508	0.518
CCL20	TNFRSF14	9606.ENSP00000351671	9606.ENSP00000347948	0	0	0	0	0.076	0	0	0.170	0.200
CCL20	IRF5	9606.ENSP00000351671	9606.ENSP00000349770	0	0	0	0	0	0	0	0.173	0.173
CCL20	PMEL	9606.ENSP00000351671	9606.ENSP00000402758	0	0	0	0	0.064	0	0	0.138	0.158
CCL20	ETS1	9606.ENSP00000351671	9606.ENSP00000376436	0	0	0	0	0.059	0	0	0.148	0.163
CCL20	EOMES	9606.ENSP00000351671	9606.ENSP00000388620	0	0	0	0	0	0	0	0.164	0.163
CCL20	TGFBR2	9606.ENSP00000351671	9606.ENSP00000351905	0	0	0	0	0	0	0	0.173	0.173
CCL20	IL20	9606.ENSP00000351671	9606.ENSP00000356065	0	0	0	0	0.096	0	0	0.129	0.179
CCL20	RGS1	9606.ENSP00000351671	9606.ENSP00000356429	0	0	0	0	0	0	0	0.184	0.183
CCL20	CD2	9606.ENSP00000351671	9606.ENSP00000358490	0	0	0	0	0	0	0	0.202	0.202
CCL20	THEMIS	9606.ENSP00000351671	9606.ENSP00000357231	0	0	0	0	0	0	0	0.211	0.211
CCL20	ITGA4	9606.ENSP00000351671	9606.ENSP00000380227	0	0	0	0	0	0	0	0.211	0.211
CCL20	MUC1	9606.ENSP00000351671	9606.ENSP00000484824	0	0	0	0	0.087	0	0	0.193	0.231
CCL20	SYK	9606.ENSP00000351671	9606.ENSP00000364907	0	0	0	0	0	0	0	0.235	0.235
CCL20	TNFSF14	9606.ENSP00000351671	9606.ENSP00000469049	0	0	0	0	0	0	0	0.294	0.294
CCL20	JAK2	9606.ENSP00000351671	9606.ENSP00000371067	0	0	0	0	0	0	0	0.303	0.303
CCL20	IL2RA	9606.ENSP00000351671	9606.ENSP00000369293	0	0	0	0	0	0	0	0.320	0.320
CCL20	IL18R1	9606.ENSP00000351671	9606.ENSP00000387211	0	0	0	0	0	0	0	0.322	0.321
CCL20	FASLG	9606.ENSP00000351671	9606.ENSP00000356694	0	0	0	0	0	0	0	0.325	0.325
CCL20	TRAF1	9606.ENSP00000351671	9606.ENSP00000362994	0	0	0	0	0.108	0	0	0.281	0.331
CCL20	FCGR3A	9606.ENSP00000351671	9606.ENSP00000356946	0	0	0	0	0	0	0	0.344	0.343
CCL20	IRF7	9606.ENSP00000351671	9606.ENSP00000380697	0	0	0	0	0.062	0	0	0.333	0.348
CCL20	PLAU	9606.ENSP00000351671	9606.ENSP00000361850	0	0	0	0	0.089	0	0	0.320	0.354
CCL20	TNFSF15	9606.ENSP00000351671	9606.ENSP00000363157	0	0	0	0	0.098	0	0	0.322	0.362
CCL20	GATA3	9606.ENSP00000351671	9606.ENSP00000368632	0	0	0	0	0	0	0	0.391	0.390
CCL20	CD274	9606.ENSP00000351671	9606.ENSP00000370989	0	0	0	0	0.107	0	0	0.400	0.441
CCL20	PTPRC	9606.ENSP00000351671	9606.ENSP00000411355	0	0	0	0	0	0	0	0.459	0.459
CCL20	MMP9	9606.ENSP00000351671	9606.ENSP00000361405	0	0	0	0	0.078	0	0	0.470	0.490
CCL20	ITGAX	9606.ENSP00000351671	9606.ENSP00000454623	0	0	0	0	0	0	0	0.523	0.523
CCL20	CCL7	9606.ENSP00000351671	9606.ENSP00000367832	0	0	0	0	0.129	0	0	0.702	0.730
CCL20	IL10	9606.ENSP00000351671	9606.ENSP00000412237	0	0	0	0	0.062	0	0.900	0.691	0.968
CCL21	CX3CL1	9606.ENSP00000259607	9606.ENSP00000006053	0	0	0	0	0	0	0	0.617	0.617
CCL21	ICAM3	9606.ENSP00000259607	9606.ENSP00000160262	0	0	0	0	0.054	0	0	0.204	0.214
CCL21	SLC22A4	9606.ENSP00000259607	9606.ENSP00000200652	0	0	0	0	0	0	0	0.262	0.262
CCL21	IL2RB	9606.ENSP00000259607	9606.ENSP00000216223	0	0	0	0	0.081	0	0	0.263	0.294
CCL21	CCL22	9606.ENSP00000259607	9606.ENSP00000219235	0	0	0	0	0.062	0.056	0	0.678	0.690
CCL21	IL4	9606.ENSP00000259607	9606.ENSP00000231449	0	0	0	0	0	0	0	0.559	0.559
CCL21	SLC22A5	9606.ENSP00000259607	9606.ENSP00000245407	0	0	0	0	0	0	0	0.161	0.161
CCL21	IRF1	9606.ENSP00000259607	9606.ENSP00000245414	0	0	0	0	0.063	0	0	0.173	0.191
CCL21	CCR7	9606.ENSP00000259607	9606.ENSP00000246657	0	0	0	0	0.062	0.623	0.800	0.990	0.999
CCL21	IL22RA2	9606.ENSP00000259607	9606.ENSP00000296980	0	0	0	0	0.088	0	0	0.109	0.152
CCL21	TNFRSF11A	9606.ENSP00000259607	9606.ENSP00000465500	0	0	0	0	0	0	0	0.155	0.154
CCL21	NOD2	9606.ENSP00000259607	9606.ENSP00000300589	0	0	0	0	0	0	0	0.160	0.159
CCL21	FOS	9606.ENSP00000259607	9606.ENSP00000306245	0	0	0	0	0	0	0	0.161	0.161
CCL21	SLC26A3	9606.ENSP00000259607	9606.ENSP00000345873	0	0	0	0	0.098	0	0	0.108	0.161
CCL21	JAK2	9606.ENSP00000259607	9606.ENSP00000371067	0	0	0	0	0	0	0	0.163	0.163
CCL21	CD226	9606.ENSP00000259607	9606.ENSP00000280200	0	0	0	0	0	0	0	0.170	0.169
CCL21	EOMES	9606.ENSP00000259607	9606.ENSP00000388620	0	0	0	0	0	0	0	0.170	0.169
CCL21	TAGAP	9606.ENSP00000259607	9606.ENSP00000356033	0	0	0	0	0	0	0	0.170	0.169
CCL21	CCL7	9606.ENSP00000259607	9606.ENSP00000367832	0	0	0	0.809	0.049	0	0	0.717	0.177
CCL21	IL19	9606.ENSP00000259607	9606.ENSP00000343000	0	0	0	0	0	0	0	0.183	0.183
CCL21	CD244	9606.ENSP00000259607	9606.ENSP00000357012	0	0	0	0	0.061	0	0	0.175	0.192
CCL21	ITLN1	9606.ENSP00000259607	9606.ENSP00000323587	0	0	0	0	0.152	0	0	0.096	0.200
CCL21	HAVCR2	9606.ENSP00000259607	9606.ENSP00000312002	0	0	0	0	0	0	0	0.210	0.210
CCL21	STAT6	9606.ENSP00000259607	9606.ENSP00000300134	0	0	0	0	0.062	0	0	0.194	0.212
CCL21	IL21	9606.ENSP00000259607	9606.ENSP00000264497	0	0	0	0	0	0	0	0.221	0.221
CCL21	IRF7	9606.ENSP00000259607	9606.ENSP00000380697	0	0	0	0	0.063	0	0	0.212	0.230
CCL21	GATA3	9606.ENSP00000259607	9606.ENSP00000368632	0	0	0	0	0	0	0	0.233	0.232
CCL21	PMEL	9606.ENSP00000259607	9606.ENSP00000402758	0	0	0	0	0	0	0	0.241	0.240
CCL21	SPRED2	9606.ENSP00000259607	9606.ENSP00000348753	0	0	0	0	0	0	0	0.243	0.242
CCL21	IFNGR2	9606.ENSP00000259607	9606.ENSP00000290219	0	0	0	0	0	0	0	0.243	0.243
CCL21	SYK	9606.ENSP00000259607	9606.ENSP00000364907	0	0	0	0	0.062	0	0	0.241	0.257
CCL21	PLCL1	9606.ENSP00000259607	9606.ENSP00000402861	0	0	0	0	0	0	0	0.258	0.258
CCL21	FASLG	9606.ENSP00000259607	9606.ENSP00000356694	0	0	0	0	0	0	0	0.261	0.261
CCL21	CD2	9606.ENSP00000259607	9606.ENSP00000358490	0	0	0	0	0.114	0	0	0.210	0.270
CCL21	FCGR2A	9606.ENSP00000259607	9606.ENSP00000271450	0	0	0	0	0	0	0	0.271	0.271
CCL21	IRF5	9606.ENSP00000259607	9606.ENSP00000349770	0	0	0	0	0	0	0	0.271	0.271
CCL21	ITGA4	9606.ENSP00000259607	9606.ENSP00000380227	0	0	0	0	0	0	0	0.272	0.272
CCL21	IL2RA	9606.ENSP00000259607	9606.ENSP00000369293	0	0	0	0	0	0	0	0.283	0.282
CCL21	IRF8	9606.ENSP00000259607	9606.ENSP00000268638	0	0	0	0	0.093	0	0	0.252	0.292
CCL21	PADI4	9606.ENSP00000259607	9606.ENSP00000364597	0	0	0	0	0	0	0	0.301	0.301
CCL21	IL23R	9606.ENSP00000259607	9606.ENSP00000321345	0	0	0	0	0.052	0	0	0.299	0.307
CCL21	TRAF1	9606.ENSP00000259607	9606.ENSP00000362994	0	0	0	0	0.062	0	0	0.294	0.309
CCL21	STAT3	9606.ENSP00000259607	9606.ENSP00000264657	0	0	0	0	0	0	0	0.325	0.325
CCL21	HECA	9606.ENSP00000259607	9606.ENSP00000356630	0	0	0	0	0	0	0	0.331	0.331
CCL21	TSLP	9606.ENSP00000259607	9606.ENSP00000339804	0	0	0	0	0	0	0	0.340	0.340
CCL21	PTPN22	9606.ENSP00000259607	9606.ENSP00000352833	0	0	0	0	0.062	0	0	0.334	0.348
CCL21	FCGR3A	9606.ENSP00000259607	9606.ENSP00000356946	0	0	0	0	0.082	0	0	0.324	0.353
CCL21	TNFSF14	9606.ENSP00000259607	9606.ENSP00000469049	0	0	0	0	0.062	0	0	0.379	0.392
CCL21	MMP9	9606.ENSP00000259607	9606.ENSP00000361405	0	0	0	0	0.069	0	0	0.391	0.408
CCL21	IL7R	9606.ENSP00000259607	9606.ENSP00000306157	0	0	0	0	0	0	0	0.426	0.426
CCL21	TNFRSF14	9606.ENSP00000259607	9606.ENSP00000347948	0	0	0	0	0.074	0	0	0.414	0.434
CCL21	IL16	9606.ENSP00000259607	9606.ENSP00000302935	0	0	0	0	0.062	0	0	0.423	0.435
CCL21	CD274	9606.ENSP00000259607	9606.ENSP00000370989	0	0	0	0	0.062	0	0	0.425	0.437
CCL21	CXCL3	9606.ENSP00000259607	9606.ENSP00000296026	0	0	0	0	0.055	0.056	0	0.432	0.449
CCL21	IL13	9606.ENSP00000259607	9606.ENSP00000304915	0	0	0	0	0	0	0	0.459	0.459
CCL21	CTLA4	9606.ENSP00000259607	9606.ENSP00000303939	0	0	0	0	0.065	0	0	0.517	0.529
CCL21	CXCL5	9606.ENSP00000259607	9606.ENSP00000296027	0	0	0	0	0.055	0.056	0	0.526	0.540
CCL21	PPBP	9606.ENSP00000259607	9606.ENSP00000296028	0	0	0	0	0.055	0.297	0	0.402	0.568
CCL21	PTPRC	9606.ENSP00000259607	9606.ENSP00000411355	0	0	0	0	0.064	0	0	0.563	0.573
CCL21	IL10	9606.ENSP00000259607	9606.ENSP00000412237	0	0	0	0	0	0	0	0.592	0.592
CCL21	PF4	9606.ENSP00000259607	9606.ENSP00000296029	0	0	0	0	0.062	0.248	0	0.467	0.592
CCL21	CCL27	9606.ENSP00000259607	9606.ENSP00000259631	0	0	0	0	0	0	0	0.601	0.601
CCL21	ITGAX	9606.ENSP00000259607	9606.ENSP00000454623	0	0	0	0	0.049	0	0	0.617	0.620
CCL21	CXCR1	9606.ENSP00000259607	9606.ENSP00000295683	0	0	0	0	0	0.056	0.600	0.538	0.810
CCL21	CXCR2	9606.ENSP00000259607	9606.ENSP00000319635	0	0	0	0	0.062	0.056	0.600	0.535	0.813
CCL21	CXCR5	9606.ENSP00000259607	9606.ENSP00000292174	0	0	0	0	0.062	0.056	0.600	0.718	0.886
CCL22	CX3CL1	9606.ENSP00000219235	9606.ENSP00000006053	0	0	0	0	0	0	0	0.653	0.653
CCL22	ICAM3	9606.ENSP00000219235	9606.ENSP00000160262	0	0	0	0	0.054	0	0	0.218	0.228
CCL22	FAP	9606.ENSP00000219235	9606.ENSP00000188790	0	0	0	0	0	0	0	0.157	0.156
CCL22	HMOX1	9606.ENSP00000219235	9606.ENSP00000216117	0	0	0	0	0	0	0	0.181	0.181
CCL22	IL2RB	9606.ENSP00000219235	9606.ENSP00000216223	0	0	0	0	0.062	0	0	0.218	0.235
CCL22	FOS	9606.ENSP00000219235	9606.ENSP00000306245	0	0	0	0	0	0	0	0.155	0.154
CCL22	IFNGR2	9606.ENSP00000219235	9606.ENSP00000290219	0	0	0	0	0	0	0	0.164	0.164
CCL22	CD226	9606.ENSP00000219235	9606.ENSP00000280200	0	0	0	0	0.088	0	0	0.123	0.165
CCL22	IL18R1	9606.ENSP00000219235	9606.ENSP00000387211	0	0	0	0	0	0	0	0.172	0.172
CCL22	TRAF1	9606.ENSP00000219235	9606.ENSP00000362994	0	0	0	0	0.064	0	0	0.155	0.175
CCL22	MUC1	9606.ENSP00000219235	9606.ENSP00000484824	0	0	0	0	0	0	0	0.194	0.194
CCL22	CCL7	9606.ENSP00000219235	9606.ENSP00000367832	0	0	0	0.816	0.062	0	0	0.775	0.194
CCL22	RGS1	9606.ENSP00000219235	9606.ENSP00000356429	0	0	0	0	0.064	0	0	0.174	0.194
CCL22	IL21	9606.ENSP00000219235	9606.ENSP00000264497	0	0	0	0	0	0	0	0.202	0.202
CCL22	TNFRSF14	9606.ENSP00000219235	9606.ENSP00000347948	0	0	0	0	0	0	0	0.203	0.203
CCL22	IL22RA2	9606.ENSP00000219235	9606.ENSP00000296980	0	0	0	0	0	0	0	0.203	0.203
CCL22	HP	9606.ENSP00000219235	9606.ENSP00000348170	0	0	0	0	0	0	0	0.204	0.204
CCL22	SYK	9606.ENSP00000219235	9606.ENSP00000364907	0	0	0	0	0.062	0	0	0.187	0.204
CCL22	NOD2	9606.ENSP00000219235	9606.ENSP00000300589	0	0	0	0	0	0	0	0.213	0.213
CCL22	PLAU	9606.ENSP00000219235	9606.ENSP00000361850	0	0	0	0	0	0	0	0.213	0.213
CCL22	IL23R	9606.ENSP00000219235	9606.ENSP00000321345	0	0	0	0	0.063	0	0	0.219	0.236
CCL22	PMEL	9606.ENSP00000219235	9606.ENSP00000402758	0	0	0	0	0	0	0	0.244	0.243
CCL22	JAK2	9606.ENSP00000219235	9606.ENSP00000371067	0	0	0	0	0.062	0	0	0.234	0.250
CCL22	IL1RL1	9606.ENSP00000219235	9606.ENSP00000233954	0	0	0	0	0	0	0	0.252	0.252
CCL22	TNFSF14	9606.ENSP00000219235	9606.ENSP00000469049	0	0	0	0	0.088	0	0	0.215	0.254
CCL22	IRF7	9606.ENSP00000219235	9606.ENSP00000380697	0	0	0	0	0.062	0	0	0.243	0.259
CCL22	IRF8	9606.ENSP00000219235	9606.ENSP00000268638	0	0	0	0	0.064	0	0	0.253	0.270
CCL22	IRF1	9606.ENSP00000219235	9606.ENSP00000245414	0	0	0	0	0.069	0	0	0.249	0.270
CCL22	FCGR2A	9606.ENSP00000219235	9606.ENSP00000271450	0	0	0	0	0	0	0	0.294	0.294
CCL22	IL19	9606.ENSP00000219235	9606.ENSP00000343000	0	0	0	0	0	0	0	0.297	0.297
CCL22	IRF5	9606.ENSP00000219235	9606.ENSP00000349770	0	0	0	0	0.062	0	0	0.293	0.308
CCL22	FASLG	9606.ENSP00000219235	9606.ENSP00000356694	0	0	0	0	0	0	0	0.323	0.323
CCL22	GATA3	9606.ENSP00000219235	9606.ENSP00000368632	0	0	0	0	0	0	0	0.341	0.341
CCL22	HAVCR2	9606.ENSP00000219235	9606.ENSP00000312002	0	0	0	0	0.069	0	0	0.324	0.343
CCL22	IL2RA	9606.ENSP00000219235	9606.ENSP00000369293	0	0	0	0	0.096	0	0	0.339	0.377
CCL22	FCGR3A	9606.ENSP00000219235	9606.ENSP00000356946	0	0	0	0	0	0	0	0.377	0.377
CCL22	ITGA4	9606.ENSP00000219235	9606.ENSP00000380227	0	0	0	0	0.062	0	0	0.398	0.411
CCL22	IL7R	9606.ENSP00000219235	9606.ENSP00000306157	0	0	0	0	0.063	0	0	0.411	0.424
CCL22	PTPRC	9606.ENSP00000219235	9606.ENSP00000411355	0	0	0	0	0.062	0	0	0.413	0.425
CCL22	PF4	9606.ENSP00000219235	9606.ENSP00000296029	0	0	0	0	0	0	0	0.438	0.438
CCL22	RETNLB	9606.ENSP00000219235	9606.ENSP00000295755	0	0	0	0	0	0	0	0.459	0.459
CCL22	PPBP	9606.ENSP00000219235	9606.ENSP00000296028	0	0	0	0	0	0	0	0.460	0.459
CCL22	MMP9	9606.ENSP00000219235	9606.ENSP00000361405	0	0	0	0	0	0	0	0.469	0.469
CCL22	STAT6	9606.ENSP00000219235	9606.ENSP00000300134	0	0	0	0	0	0	0	0.504	0.504
CCL22	CXCL3	9606.ENSP00000219235	9606.ENSP00000296026	0	0	0	0	0.052	0	0	0.503	0.509
CCL22	ITGAX	9606.ENSP00000219235	9606.ENSP00000454623	0	0	0	0	0.089	0	0	0.520	0.544
CCL22	IL16	9606.ENSP00000219235	9606.ENSP00000302935	0	0	0	0	0	0	0	0.558	0.558
CCL22	CTLA4	9606.ENSP00000219235	9606.ENSP00000303939	0	0	0	0	0.062	0	0	0.559	0.568
CCL22	CD274	9606.ENSP00000219235	9606.ENSP00000370989	0	0	0	0	0.063	0	0	0.560	0.570
CCL22	CCL27	9606.ENSP00000219235	9606.ENSP00000259631	0	0	0	0	0	0	0	0.601	0.601
CCL22	TSLP	9606.ENSP00000219235	9606.ENSP00000339804	0	0	0	0	0	0	0	0.609	0.609
CCL22	CXCL5	9606.ENSP00000219235	9606.ENSP00000296027	0	0	0	0	0	0	0	0.618	0.618
CCL22	CXCR5	9606.ENSP00000219235	9606.ENSP00000292174	0	0	0	0	0.062	0	0.600	0.404	0.756
CCL22	CXCR1	9606.ENSP00000219235	9606.ENSP00000295683	0	0	0	0	0	0	0.600	0.501	0.791
CCL22	STAT3	9606.ENSP00000219235	9606.ENSP00000264657	0	0	0	0	0	0	0.650	0.460	0.802
CCL22	CXCR2	9606.ENSP00000219235	9606.ENSP00000319635	0	0	0	0	0	0	0.600	0.541	0.808
CCL22	CCR7	9606.ENSP00000219235	9606.ENSP00000246657	0	0	0	0	0.094	0	0.600	0.638	0.857
CCL22	IL12B	9606.ENSP00000219235	9606.ENSP00000231228	0	0	0	0	0.064	0	0.900	0.086	0.906
CCL22	IL12A	9606.ENSP00000219235	9606.ENSP00000303231	0	0	0	0	0	0	0.900	0.132	0.909
CCL22	LIF	9606.ENSP00000219235	9606.ENSP00000249075	0	0	0	0	0	0	0.900	0.181	0.914
CCL22	IL13	9606.ENSP00000219235	9606.ENSP00000304915	0	0	0	0	0	0	0.900	0.707	0.969
CCL22	IL4	9606.ENSP00000219235	9606.ENSP00000231449	0	0	0	0	0	0	0.900	0.710	0.969
CCL22	IL10	9606.ENSP00000219235	9606.ENSP00000412237	0	0	0	0	0.088	0	0.900	0.720	0.972
CCL27	CX3CL1	9606.ENSP00000259631	9606.ENSP00000006053	0	0	0	0	0.062	0	0	0.417	0.429
CCL27	IL2RB	9606.ENSP00000259631	9606.ENSP00000216223	0	0	0	0	0	0	0	0.374	0.374
CCL27	IL4	9606.ENSP00000259631	9606.ENSP00000231449	0	0	0	0	0	0	0	0.602	0.602
CCL27	IL1RL1	9606.ENSP00000259631	9606.ENSP00000233954	0	0	0	0	0	0	0	0.549	0.549
CCL27	CCR7	9606.ENSP00000259631	9606.ENSP00000246657	0	0	0	0	0	0	0.600	0.468	0.778
CCL27	LIF	9606.ENSP00000259631	9606.ENSP00000249075	0	0	0	0	0	0	0	0.285	0.284
CCL27	TNFSF14	9606.ENSP00000259631	9606.ENSP00000469049	0	0	0	0	0	0	0	0.155	0.154
CCL27	TNFRSF14	9606.ENSP00000259631	9606.ENSP00000347948	0	0	0	0	0	0	0	0.161	0.161
CCL27	IRF8	9606.ENSP00000259631	9606.ENSP00000268638	0	0	0	0	0	0	0	0.161	0.161
CCL27	CD244	9606.ENSP00000259631	9606.ENSP00000357012	0	0	0	0	0	0	0	0.162	0.161
CCL27	RETNLB	9606.ENSP00000259631	9606.ENSP00000295755	0	0	0	0	0	0	0	0.170	0.169
CCL27	IKZF1	9606.ENSP00000259631	9606.ENSP00000331614	0	0	0	0	0	0	0	0.172	0.172
CCL27	IL12RB2	9606.ENSP00000259631	9606.ENSP00000262345	0	0	0	0	0	0	0	0.181	0.181
CCL27	IL18R1	9606.ENSP00000259631	9606.ENSP00000387211	0	0	0	0	0	0	0	0.183	0.183
CCL27	IL19	9606.ENSP00000259631	9606.ENSP00000343000	0	0	0	0	0	0	0	0.202	0.202
CCL27	ETS1	9606.ENSP00000259631	9606.ENSP00000376436	0	0	0	0	0	0	0	0.202	0.202
CCL27	IL22RA2	9606.ENSP00000259631	9606.ENSP00000296980	0	0	0	0	0	0	0	0.210	0.210
CCL27	HAVCR2	9606.ENSP00000259631	9606.ENSP00000312002	0	0	0	0	0	0	0	0.213	0.213
CCL27	FUT2	9606.ENSP00000259631	9606.ENSP00000387498	0	0	0	0	0	0	0	0.216	0.216
CCL27	FASLG	9606.ENSP00000259631	9606.ENSP00000356694	0	0	0	0	0	0	0	0.234	0.234
CCL27	FOS	9606.ENSP00000259631	9606.ENSP00000306245	0	0	0	0	0	0	0	0.239	0.239
CCL27	FCGR2A	9606.ENSP00000259631	9606.ENSP00000271450	0	0	0	0	0	0	0	0.244	0.244
CCL27	MMP9	9606.ENSP00000259631	9606.ENSP00000361405	0	0	0	0	0	0	0	0.264	0.264
CCL27	NOD2	9606.ENSP00000259631	9606.ENSP00000300589	0	0	0	0	0	0	0	0.266	0.266
CCL27	STAT6	9606.ENSP00000259631	9606.ENSP00000300134	0	0	0	0	0	0	0	0.278	0.278
CCL27	CD274	9606.ENSP00000259631	9606.ENSP00000370989	0	0	0	0	0	0	0	0.280	0.280
CCL27	CD226	9606.ENSP00000259631	9606.ENSP00000280200	0	0	0	0	0	0	0	0.283	0.282
CCL27	CXCL3	9606.ENSP00000259631	9606.ENSP00000296026	0	0	0	0	0	0	0	0.294	0.294
CCL27	GALC	9606.ENSP00000259631	9606.ENSP00000261304	0	0	0	0	0	0	0	0.306	0.306
CCL27	PF4	9606.ENSP00000259631	9606.ENSP00000296029	0	0	0	0	0	0	0	0.321	0.321
CCL27	PPBP	9606.ENSP00000259631	9606.ENSP00000296028	0	0	0	0	0	0	0	0.324	0.323
CCL27	TNFSF15	9606.ENSP00000259631	9606.ENSP00000363157	0	0	0	0	0	0	0	0.330	0.330
CCL27	TCF7	9606.ENSP00000259631	9606.ENSP00000340347	0	0	0	0	0	0	0	0.331	0.331
CCL27	STAT3	9606.ENSP00000259631	9606.ENSP00000264657	0	0	0	0	0	0	0	0.338	0.338
CCL27	CTLA4	9606.ENSP00000259631	9606.ENSP00000303939	0	0	0	0	0	0	0	0.369	0.369
CCL27	FCGR3A	9606.ENSP00000259631	9606.ENSP00000356946	0	0	0	0	0	0	0	0.380	0.380
CCL27	CXCL5	9606.ENSP00000259631	9606.ENSP00000296027	0	0	0	0	0	0	0	0.458	0.457
CCL27	IL2RA	9606.ENSP00000259631	9606.ENSP00000369293	0	0	0	0	0	0	0	0.471	0.471
CCL27	ITGAX	9606.ENSP00000259631	9606.ENSP00000454623	0	0	0	0	0	0	0	0.479	0.479
CCL27	IL23R	9606.ENSP00000259631	9606.ENSP00000321345	0	0	0	0	0	0	0	0.504	0.504
CCL27	IL10	9606.ENSP00000259631	9606.ENSP00000412237	0	0	0	0	0	0	0	0.520	0.520
CCL27	PTPRC	9606.ENSP00000259631	9606.ENSP00000411355	0	0	0	0	0	0	0	0.522	0.522
CCL27	CCL7	9606.ENSP00000259631	9606.ENSP00000367832	0	0	0	0	0	0	0	0.563	0.563
CCL27	EOMES	9606.ENSP00000259631	9606.ENSP00000388620	0	0	0	0	0	0	0	0.576	0.576
CCL27	IL16	9606.ENSP00000259631	9606.ENSP00000302935	0	0	0	0	0	0	0	0.601	0.601
CCL27	GATA3	9606.ENSP00000259631	9606.ENSP00000368632	0	0	0	0	0	0	0	0.661	0.661
CCL27	TSLP	9606.ENSP00000259631	9606.ENSP00000339804	0	0	0	0	0	0	0	0.681	0.681
CCL27	IL13	9606.ENSP00000259631	9606.ENSP00000304915	0	0	0	0	0	0	0	0.683	0.683
CCL27	IL7R	9606.ENSP00000259631	9606.ENSP00000306157	0	0	0	0	0	0	0	0.686	0.686
CCL27	CXCR2	9606.ENSP00000259631	9606.ENSP00000319635	0	0	0	0	0	0	0.600	0.325	0.718
CCL27	CXCR1	9606.ENSP00000259631	9606.ENSP00000295683	0	0	0	0	0	0	0.600	0.341	0.725
CCL27	CXCR5	9606.ENSP00000259631	9606.ENSP00000292174	0	0	0	0	0	0	0.600	0.500	0.791
CCL7	CX3CL1	9606.ENSP00000367832	9606.ENSP00000006053	0	0	0	0	0.057	0	0	0.733	0.738
CCL7	HMOX1	9606.ENSP00000367832	9606.ENSP00000216117	0	0	0	0	0.096	0	0	0.150	0.198
CCL7	IL2RB	9606.ENSP00000367832	9606.ENSP00000216223	0	0	0	0	0.232	0	0	0.141	0.312
CCL7	ICAM5	9606.ENSP00000367832	9606.ENSP00000221980	0	0	0	0	0.054	0	0	0.189	0.199
CCL7	IL12B	9606.ENSP00000367832	9606.ENSP00000231228	0	0	0	0	0.062	0	0	0.282	0.298
CCL7	IL4	9606.ENSP00000367832	9606.ENSP00000231449	0	0	0	0	0	0	0	0.691	0.691
CCL7	IL1RL1	9606.ENSP00000367832	9606.ENSP00000233954	0	0	0	0	0.062	0	0	0.210	0.228
CCL7	IRF1	9606.ENSP00000367832	9606.ENSP00000245414	0	0	0	0	0.072	0	0	0.323	0.344
CCL7	CCR7	9606.ENSP00000367832	9606.ENSP00000246657	0	0	0	0	0.085	0	0.600	0.518	0.808
CCL7	LIF	9606.ENSP00000367832	9606.ENSP00000249075	0	0	0	0	0.079	0	0	0.369	0.394
CCL7	IL21	9606.ENSP00000367832	9606.ENSP00000264497	0	0	0	0	0	0	0	0.556	0.556
CCL7	STAT3	9606.ENSP00000367832	9606.ENSP00000264657	0	0	0	0	0	0	0	0.406	0.406
CCL7	IRF8	9606.ENSP00000367832	9606.ENSP00000268638	0	0	0	0	0.061	0	0	0.202	0.218
CCL7	FCGR2A	9606.ENSP00000367832	9606.ENSP00000271450	0	0	0	0	0.081	0	0	0.303	0.333
CCL7	OSMR	9606.ENSP00000367832	9606.ENSP00000274276	0	0	0	0	0.067	0	0	0.140	0.163
CCL7	CXCR5	9606.ENSP00000367832	9606.ENSP00000292174	0	0	0	0	0	0.057	0.600	0.341	0.730
CCL7	CXCR1	9606.ENSP00000367832	9606.ENSP00000295683	0	0	0	0	0	0.057	0.600	0.749	0.897
CCL7	RETNLB	9606.ENSP00000367832	9606.ENSP00000295755	0	0	0	0	0.062	0	0	0.182	0.199
CCL7	CXCL3	9606.ENSP00000367832	9606.ENSP00000296026	0	0	0	0	0.222	0	0	0.646	0.713
CCL7	CXCL5	9606.ENSP00000367832	9606.ENSP00000296027	0	0	0	0	0.231	0	0	0.754	0.803
CCL7	PPBP	9606.ENSP00000367832	9606.ENSP00000296028	0	0	0	0	0.094	0	0	0.518	0.545
CCL7	PF4	9606.ENSP00000367832	9606.ENSP00000296029	0	0	0	0	0.062	0	0	0.573	0.582
CCL7	STAT6	9606.ENSP00000367832	9606.ENSP00000300134	0	0	0	0	0	0	0	0.274	0.274
CCL7	NOD2	9606.ENSP00000367832	9606.ENSP00000300589	0	0	0	0	0.089	0	0	0.259	0.296
CCL7	IL16	9606.ENSP00000367832	9606.ENSP00000302935	0	0	0	0	0.063	0	0	0.611	0.620
CCL7	CTLA4	9606.ENSP00000367832	9606.ENSP00000303939	0	0	0	0	0.065	0	0	0.324	0.340
CCL7	IL13	9606.ENSP00000367832	9606.ENSP00000304915	0	0	0	0	0	0	0	0.691	0.691
CCL7	IL7R	9606.ENSP00000367832	9606.ENSP00000306157	0	0	0	0	0.259	0	0	0.208	0.388
CCL7	FOS	9606.ENSP00000367832	9606.ENSP00000306245	0	0	0	0	0	0	0	0.236	0.236
CCL7	HAVCR2	9606.ENSP00000367832	9606.ENSP00000312002	0	0	0	0	0.088	0	0	0.113	0.156
CCL7	CXCR2	9606.ENSP00000367832	9606.ENSP00000319635	0	0	0	0	0	0.057	0.600	0.573	0.825
CCL7	IL23R	9606.ENSP00000367832	9606.ENSP00000321345	0	0	0	0	0	0	0	0.180	0.179
CCL7	TSLP	9606.ENSP00000367832	9606.ENSP00000339804	0	0	0	0	0.065	0	0	0.342	0.358
CCL7	IL19	9606.ENSP00000367832	9606.ENSP00000343000	0	0	0	0	0.076	0	0	0.218	0.246
CCL7	HP	9606.ENSP00000367832	9606.ENSP00000348170	0	0	0	0	0	0	0	0.186	0.186
CCL7	IRF5	9606.ENSP00000367832	9606.ENSP00000349770	0	0	0	0	0.056	0	0	0.217	0.229
CCL7	RGS1	9606.ENSP00000367832	9606.ENSP00000356429	0	0	0	0	0.083	0	0	0.141	0.179
CCL7	FASLG	9606.ENSP00000367832	9606.ENSP00000356694	0	0	0	0	0	0	0	0.259	0.258
CCL7	FCGR3A	9606.ENSP00000367832	9606.ENSP00000356946	0	0	0	0	0.086	0	0	0.294	0.327
CCL7	MMP9	9606.ENSP00000367832	9606.ENSP00000361405	0	0	0	0	0.127	0	0	0.537	0.578
CCL7	PLAU	9606.ENSP00000367832	9606.ENSP00000361850	0	0	0	0	0.101	0	0	0.217	0.266
CCL7	TRAF1	9606.ENSP00000367832	9606.ENSP00000362994	0	0	0	0	0.069	0	0	0.147	0.172
CCL7	TNFSF15	9606.ENSP00000367832	9606.ENSP00000363157	0	0	0	0	0.065	0	0	0.247	0.265
CCL7	SYK	9606.ENSP00000367832	9606.ENSP00000364907	0	0	0	0	0.143	0	0	0.150	0.240
CCL7	IFI30	9606.ENSP00000367832	9606.ENSP00000384886	0	0	0	0	0.069	0	0	0.133	0.158
CCL7	ITGA4	9606.ENSP00000367832	9606.ENSP00000380227	0	0	0	0	0	0	0	0.167	0.167
CCL7	GATA3	9606.ENSP00000367832	9606.ENSP00000368632	0	0	0	0	0	0	0	0.180	0.179
CCL7	IRGM	9606.ENSP00000367832	9606.ENSP00000428220	0	0	0	0	0.053	0	0	0.180	0.190
CCL7	TNFSF14	9606.ENSP00000367832	9606.ENSP00000469049	0	0	0	0	0.062	0	0	0.193	0.210
CCL7	JAK2	9606.ENSP00000367832	9606.ENSP00000371067	0	0	0	0	0.062	0	0	0.216	0.233
CCL7	IL18R1	9606.ENSP00000367832	9606.ENSP00000387211	0	0	0	0	0.062	0	0	0.233	0.249
CCL7	IL2RA	9606.ENSP00000367832	9606.ENSP00000369293	0	0	0	0	0	0	0	0.369	0.369
CCL7	CD274	9606.ENSP00000367832	9606.ENSP00000370989	0	0	0	0	0.117	0	0	0.323	0.377
CCL7	IRF7	9606.ENSP00000367832	9606.ENSP00000380697	0	0	0	0	0.062	0	0	0.393	0.406
CCL7	ITGAX	9606.ENSP00000367832	9606.ENSP00000454623	0	0	0	0	0.074	0	0	0.491	0.509
CCL7	PTPRC	9606.ENSP00000367832	9606.ENSP00000411355	0	0	0	0	0.062	0	0	0.517	0.527
CCL7	IL10	9606.ENSP00000367832	9606.ENSP00000412237	0	0	0	0	0.069	0	0	0.749	0.757
CCR7	CX3CL1	9606.ENSP00000246657	9606.ENSP00000006053	0	0	0	0	0	0	0.600	0.531	0.804
CCR7	ICAM3	9606.ENSP00000246657	9606.ENSP00000160262	0	0	0	0	0.098	0	0	0.331	0.371
CCR7	HMOX1	9606.ENSP00000246657	9606.ENSP00000216117	0	0	0	0	0	0	0	0.180	0.179
CCR7	IL2RB	9606.ENSP00000246657	9606.ENSP00000216223	0	0	0	0	0.232	0	0	0.618	0.694
CCR7	RPS6KB1	9606.ENSP00000246657	9606.ENSP00000225577	0	0	0	0	0	0	0	0.171	0.171
CCR7	IL4	9606.ENSP00000246657	9606.ENSP00000231449	0	0	0	0	0	0	0	0.719	0.719
CCR7	IL1RL1	9606.ENSP00000246657	9606.ENSP00000233954	0	0	0	0	0.062	0	0	0.220	0.237
CCR7	LRP1	9606.ENSP00000246657	9606.ENSP00000243077	0	0	0	0	0	0	0	0.181	0.181
CCR7	IRF1	9606.ENSP00000246657	9606.ENSP00000245414	0	0	0	0	0.120	0	0	0.303	0.360
CCR7	GPR65	9606.ENSP00000246657	9606.ENSP00000267549	0	0	0	0.654	0.141	0	0	0.105	0.161
CCR7	GRB2	9606.ENSP00000246657	9606.ENSP00000376345	0	0	0	0	0	0	0	0.163	0.163
CCR7	NRROS	9606.ENSP00000246657	9606.ENSP00000328625	0	0	0	0	0.123	0	0	0.088	0.166
CCR7	IL22RA2	9606.ENSP00000246657	9606.ENSP00000296980	0	0	0	0	0	0	0	0.167	0.167
CCR7	TNFSF15	9606.ENSP00000246657	9606.ENSP00000363157	0	0	0	0	0.062	0	0	0.151	0.169
CCR7	DHX58	9606.ENSP00000246657	9606.ENSP00000251642	0	0	0	0	0.113	0	0	0.103	0.170
CCR7	SAMSN1	9606.ENSP00000246657	9606.ENSP00000285670	0	0	0	0	0.172	0	0	0	0.172
CCR7	PRKCB	9606.ENSP00000246657	9606.ENSP00000305355	0	0	0	0	0.076	0	0	0.141	0.172
CCR7	CXCR2	9606.ENSP00000246657	9606.ENSP00000319635	0	0	0	0.854	0.086	0	0	0.763	0.186
CCR7	IKZF4	9606.ENSP00000246657	9606.ENSP00000262032	0	0	0	0	0	0	0	0.194	0.194
CCR7	CXCR1	9606.ENSP00000246657	9606.ENSP00000295683	0	0	0	0.845	0.094	0	0	0.753	0.198
CCR7	SLITRK1	9606.ENSP00000246657	9606.ENSP00000366288	0	0	0	0	0	0	0	0.206	0.206
CCR7	RASAL3	9606.ENSP00000246657	9606.ENSP00000341905	0	0	0	0	0.214	0	0	0	0.214
CCR7	FOS	9606.ENSP00000246657	9606.ENSP00000306245	0	0	0	0	0	0	0	0.220	0.220
CCR7	IFI30	9606.ENSP00000246657	9606.ENSP00000384886	0	0	0	0	0.094	0	0	0.186	0.231
CCR7	MUC1	9606.ENSP00000246657	9606.ENSP00000484824	0	0	0	0	0	0	0	0.240	0.239
CCR7	IKZF3	9606.ENSP00000246657	9606.ENSP00000344544	0	0	0	0	0.132	0	0	0.162	0.242
CCR7	TGFBR2	9606.ENSP00000246657	9606.ENSP00000351905	0	0	0	0	0	0	0	0.243	0.242
CCR7	TRAT1	9606.ENSP00000246657	9606.ENSP00000295756	0	0	0	0	0.202	0	0	0.090	0.243
CCR7	PTPN22	9606.ENSP00000246657	9606.ENSP00000352833	0	0	0	0	0.130	0	0	0.177	0.253
CCR7	TNFSF14	9606.ENSP00000246657	9606.ENSP00000469049	0	0	0	0	0.097	0	0	0.209	0.255
CCR7	ETS1	9606.ENSP00000246657	9606.ENSP00000376436	0	0	0	0	0.091	0	0	0.217	0.257
CCR7	PVR	9606.ENSP00000246657	9606.ENSP00000402060	0	0	0	0	0	0	0	0.259	0.258
CCR7	IL12RB2	9606.ENSP00000246657	9606.ENSP00000262345	0	0	0	0	0	0	0	0.265	0.265
CCR7	IL12A	9606.ENSP00000246657	9606.ENSP00000303231	0	0	0	0	0	0	0	0.273	0.273
CCR7	SP140	9606.ENSP00000246657	9606.ENSP00000375899	0	0	0	0	0.284	0	0	0	0.284
CCR7	TAGAP	9606.ENSP00000246657	9606.ENSP00000356033	0	0	0	0	0.278	0	0	0.054	0.287
CCR7	CXCR5	9606.ENSP00000246657	9606.ENSP00000292174	0	0	0	0.850	0.177	0	0	0.907	0.288
CCR7	FCRL3	9606.ENSP00000246657	9606.ENSP00000357167	0	0	0	0	0.142	0	0	0.207	0.290
CCR7	RETNLB	9606.ENSP00000246657	9606.ENSP00000295755	0	0	0	0	0	0	0	0.308	0.307
CCR7	IRF5	9606.ENSP00000246657	9606.ENSP00000349770	0	0	0	0	0.098	0	0	0.275	0.318
CCR7	TNFRSF11A	9606.ENSP00000246657	9606.ENSP00000465500	0	0	0	0	0	0	0	0.318	0.318
CCR7	IL18R1	9606.ENSP00000246657	9606.ENSP00000387211	0	0	0	0	0.110	0	0	0.282	0.334
CCR7	IL18RAP	9606.ENSP00000246657	9606.ENSP00000264260	0	0	0	0	0.165	0	0	0.236	0.334
CCR7	NOD2	9606.ENSP00000246657	9606.ENSP00000300589	0	0	0	0	0.189	0	0	0.236	0.353
CCR7	TRAF1	9606.ENSP00000246657	9606.ENSP00000362994	0	0	0	0	0.232	0	0	0.195	0.356
CCR7	TNFRSF14	9606.ENSP00000246657	9606.ENSP00000347948	0	0	0	0	0.140	0	0	0.293	0.366
CCR7	IL16	9606.ENSP00000246657	9606.ENSP00000302935	0	0	0	0	0.171	0	0	0.277	0.375
CCR7	SYK	9606.ENSP00000246657	9606.ENSP00000364907	0	0	0	0	0.116	0	0	0.323	0.376
CCR7	RGS1	9606.ENSP00000246657	9606.ENSP00000356429	0	0	0	0	0.170	0	0	0.290	0.385
CCR7	STAT6	9606.ENSP00000246657	9606.ENSP00000300134	0	0	0	0	0.091	0	0	0.370	0.403
CCR7	IL23R	9606.ENSP00000246657	9606.ENSP00000321345	0	0	0	0	0.062	0	0	0.392	0.405
CCR7	TSLP	9606.ENSP00000246657	9606.ENSP00000339804	0	0	0	0	0	0	0	0.422	0.422
CCR7	IL21	9606.ENSP00000246657	9606.ENSP00000264497	0	0	0	0	0	0	0	0.432	0.432
CCR7	IRF7	9606.ENSP00000246657	9606.ENSP00000380697	0	0	0	0	0.108	0	0	0.391	0.433
CCR7	CD226	9606.ENSP00000246657	9606.ENSP00000280200	0	0	0	0	0.098	0	0	0.402	0.437
CCR7	HECA	9606.ENSP00000246657	9606.ENSP00000356630	0	0	0	0	0	0	0	0.441	0.441
CCR7	IKZF1	9606.ENSP00000246657	9606.ENSP00000331614	0	0	0	0	0.230	0	0	0.309	0.445
CCR7	PMEL	9606.ENSP00000246657	9606.ENSP00000402758	0	0	0	0	0	0	0	0.465	0.465
CCR7	MMP9	9606.ENSP00000246657	9606.ENSP00000361405	0	0	0	0	0.097	0	0	0.450	0.482
CCR7	FASLG	9606.ENSP00000246657	9606.ENSP00000356694	0	0	0	0	0.069	0	0	0.470	0.485
CCR7	ITK	9606.ENSP00000246657	9606.ENSP00000398655	0	0	0	0	0.304	0	0	0.298	0.490
CCR7	STAT3	9606.ENSP00000246657	9606.ENSP00000264657	0	0	0	0	0.049	0	0	0.505	0.509
CCR7	GATA3	9606.ENSP00000246657	9606.ENSP00000368632	0	0	0	0	0	0	0	0.522	0.522
CCR7	CD244	9606.ENSP00000246657	9606.ENSP00000357012	0	0	0	0	0.182	0	0	0.459	0.538
CCR7	TCF7	9606.ENSP00000246657	9606.ENSP00000340347	0	0	0	0	0.112	0	0	0.511	0.548
CCR7	FCGR2A	9606.ENSP00000246657	9606.ENSP00000271450	0	0	0	0	0.091	0	0	0.523	0.548
CCR7	IRF8	9606.ENSP00000246657	9606.ENSP00000268638	0	0	0	0	0.231	0	0	0.468	0.573
CCR7	IL13	9606.ENSP00000246657	9606.ENSP00000304915	0	0	0	0	0.060	0	0	0.601	0.608
CCR7	EOMES	9606.ENSP00000246657	9606.ENSP00000388620	0	0	0	0	0.064	0	0	0.601	0.610
CCR7	IL2RA	9606.ENSP00000246657	9606.ENSP00000369293	0	0	0	0	0.144	0	0	0.569	0.615
CCR7	HAVCR2	9606.ENSP00000246657	9606.ENSP00000312002	0	0	0	0	0.068	0	0	0.610	0.620
CCR7	ITGA4	9606.ENSP00000246657	9606.ENSP00000380227	0	0	0	0	0.095	0	0	0.608	0.630
CCR7	CD274	9606.ENSP00000246657	9606.ENSP00000370989	0	0	0	0	0.133	0	0	0.650	0.684
CCR7	JAK2	9606.ENSP00000246657	9606.ENSP00000371067	0	0	0	0	0.069	0	0.600	0.245	0.694
CCR7	FCGR3A	9606.ENSP00000246657	9606.ENSP00000356946	0	0	0	0	0.144	0	0	0.684	0.718
CCR7	PF4	9606.ENSP00000246657	9606.ENSP00000296029	0	0	0	0	0.090	0	0.600	0.325	0.733
CCR7	PPBP	9606.ENSP00000246657	9606.ENSP00000296028	0	0	0	0	0.098	0	0.600	0.342	0.741
CCR7	CXCL3	9606.ENSP00000246657	9606.ENSP00000296026	0	0	0	0	0	0	0.600	0.384	0.743
CCR7	IL10	9606.ENSP00000246657	9606.ENSP00000412237	0	0	0	0	0.065	0	0	0.743	0.750
CCR7	CXCL5	9606.ENSP00000246657	9606.ENSP00000296027	0	0	0	0	0.049	0	0.600	0.416	0.758
CCR7	CD2	9606.ENSP00000246657	9606.ENSP00000358490	0	0	0	0	0.549	0	0	0.505	0.767
CCR7	PTPRC	9606.ENSP00000246657	9606.ENSP00000411355	0	0	0	0	0.234	0	0	0.732	0.786
CCR7	ITGAX	9606.ENSP00000246657	9606.ENSP00000454623	0	0	0	0	0.110	0	0	0.797	0.812
CCR7	CTLA4	9606.ENSP00000246657	9606.ENSP00000303939	0	0	0	0	0.119	0	0	0.820	0.835
CCR7	IL7R	9606.ENSP00000246657	9606.ENSP00000306157	0	0	0	0	0.346	0	0	0.804	0.867
CD2	ICAM3	9606.ENSP00000358490	9606.ENSP00000160262	0	0	0	0	0.117	0	0	0.340	0.392
CD2	IL2RB	9606.ENSP00000358490	9606.ENSP00000216223	0	0	0	0	0.563	0	0	0.501	0.772
CD2	ICAM5	9606.ENSP00000358490	9606.ENSP00000221980	0	0	0	0	0	0	0	0.217	0.217
CD2	IL4	9606.ENSP00000358490	9606.ENSP00000231449	0	0	0	0	0.082	0	0	0.564	0.582
CD2	LRP1	9606.ENSP00000358490	9606.ENSP00000243077	0	0	0	0	0	0	0	0.169	0.170
CD2	IRF1	9606.ENSP00000358490	9606.ENSP00000245414	0	0	0	0	0.127	0	0	0.180	0.253
CD2	IL12RB2	9606.ENSP00000358490	9606.ENSP00000262345	0	0	0	0	0	0	0	0.181	0.181
CD2	IL18RAP	9606.ENSP00000358490	9606.ENSP00000264260	0	0	0	0	0.295	0	0	0.092	0.332
CD2	STAT3	9606.ENSP00000358490	9606.ENSP00000264657	0	0	0	0	0	0	0	0.309	0.309
CD2	GPR65	9606.ENSP00000358490	9606.ENSP00000267549	0	0	0	0	0.230	0	0	0.047	0.235
CD2	IRF8	9606.ENSP00000358490	9606.ENSP00000268638	0	0	0	0	0.256	0	0	0.208	0.385
CD2	FCGR2A	9606.ENSP00000358490	9606.ENSP00000271450	0	0	0	0	0.123	0	0	0.415	0.465
CD2	CD226	9606.ENSP00000358490	9606.ENSP00000280200	0	0	0	0	0.120	0	0	0.539	0.578
CD2	SAMSN1	9606.ENSP00000358490	9606.ENSP00000285670	0	0	0	0	0.214	0	0	0.192	0.338
CD2	CXCR5	9606.ENSP00000358490	9606.ENSP00000292174	0	0	0	0	0.076	0	0	0.323	0.347
CD2	CXCR1	9606.ENSP00000358490	9606.ENSP00000295683	0	0	0	0	0.157	0	0	0.181	0.280
CD2	TRAT1	9606.ENSP00000358490	9606.ENSP00000295756	0	0	0	0	0.357	0	0	0.193	0.459
CD2	PPBP	9606.ENSP00000358490	9606.ENSP00000296028	0	0	0	0	0.133	0	0	0.074	0.162
CD2	STAT6	9606.ENSP00000358490	9606.ENSP00000300134	0	0	0	0	0.076	0	0	0.202	0.231
CD2	NOD2	9606.ENSP00000358490	9606.ENSP00000300589	0	0	0	0	0.184	0	0	0.090	0.225
CD2	IL16	9606.ENSP00000358490	9606.ENSP00000302935	0	0	0	0	0.204	0	0	0.150	0.295
CD2	CTLA4	9606.ENSP00000358490	9606.ENSP00000303939	0	0	0	0	0.343	0	0	0.893	0.926
CD2	IL13	9606.ENSP00000358490	9606.ENSP00000304915	0	0	0	0	0	0	0	0.391	0.390
CD2	IL7R	9606.ENSP00000358490	9606.ENSP00000306157	0	0	0	0	0.551	0	0	0.517	0.773
CD2	FOS	9606.ENSP00000358490	9606.ENSP00000306245	0	0	0	0	0	0	0	0.173	0.173
CD2	HAVCR2	9606.ENSP00000358490	9606.ENSP00000312002	0	0	0	0	0.152	0	0	0.325	0.403
CD2	MALT1	9606.ENSP00000358490	9606.ENSP00000319279	0	0	0	0	0	0	0	0.161	0.161
CD2	CXCR2	9606.ENSP00000358490	9606.ENSP00000319635	0	0	0	0	0.088	0	0	0.134	0.176
CD2	IL23R	9606.ENSP00000358490	9606.ENSP00000321345	0	0	0	0	0	0	0	0.209	0.209
CD2	IKZF1	9606.ENSP00000358490	9606.ENSP00000331614	0	0	0	0	0.347	0	0	0.334	0.546
CD2	RPS6KA4	9606.ENSP00000358490	9606.ENSP00000333896	0	0	0	0	0	0	0	0.457	0.457
CD2	TSLP	9606.ENSP00000358490	9606.ENSP00000339804	0	0	0	0	0	0	0	0.166	0.165
CD2	TCF7	9606.ENSP00000358490	9606.ENSP00000340347	0	0	0	0	0.088	0	0	0.203	0.242
CD2	RASAL3	9606.ENSP00000358490	9606.ENSP00000341905	0	0	0	0	0.353	0	0	0.065	0.369
CD2	IKZF3	9606.ENSP00000358490	9606.ENSP00000344544	0	0	0	0	0.162	0	0	0.183	0.286
CD2	TNFRSF14	9606.ENSP00000358490	9606.ENSP00000347948	0	0	0	0	0.152	0	0	0.287	0.369
CD2	IRF5	9606.ENSP00000358490	9606.ENSP00000349770	0	0	0	0	0.078	0	0	0.123	0.156
CD2	PTPN22	9606.ENSP00000358490	9606.ENSP00000352833	0	0	0	0	0.173	0	0	0.202	0.312
CD2	TAGAP	9606.ENSP00000358490	9606.ENSP00000356033	0	0	0	0	0.534	0	0	0.210	0.616
CD2	IL20	9606.ENSP00000358490	9606.ENSP00000356065	0	0	0	0	0	0	0	0.189	0.189
CD2	RGS1	9606.ENSP00000358490	9606.ENSP00000356429	0	0	0	0	0.189	0	0	0.076	0.218
CD2	HECA	9606.ENSP00000358490	9606.ENSP00000356630	0	0	0	0	0.099	0	0	0.184	0.233
CD2	FASLG	9606.ENSP00000358490	9606.ENSP00000356694	0	0	0	0	0.174	0	0	0.414	0.495
CD2	FCGR3A	9606.ENSP00000358490	9606.ENSP00000356946	0	0	0	0	0.337	0	0.900	0.923	0.994
CD2	CD244	9606.ENSP00000358490	9606.ENSP00000357012	0	0	0	0	0.348	0	0	0.524	0.676
CD2	FCRL3	9606.ENSP00000358490	9606.ENSP00000357167	0	0	0	0	0.142	0	0	0.159	0.248
CD2	THEMIS	9606.ENSP00000358490	9606.ENSP00000357231	0	0	0	0	0.186	0	0	0.081	0.220
CD2	ETS1	9606.ENSP00000358490	9606.ENSP00000376436	0	0	0	0	0.084	0	0	0.123	0.162
CD2	MUC1	9606.ENSP00000358490	9606.ENSP00000484824	0	0	0	0	0	0	0	0.165	0.165
CD2	CEBPA	9606.ENSP00000358490	9606.ENSP00000427514	0	0	0	0	0.076	0	0	0.145	0.176
CD2	DENND1B	9606.ENSP00000358490	9606.ENSP00000479816	0	0	0	0	0	0	0	0.183	0.183
CD2	MMP9	9606.ENSP00000358490	9606.ENSP00000361405	0	0	0	0	0.137	0	0	0.099	0.189
CD2	IFI30	9606.ENSP00000358490	9606.ENSP00000384886	0	0	0	0	0.099	0	0	0.141	0.192
CD2	IRF7	9606.ENSP00000358490	9606.ENSP00000380697	0	0	0	0	0.088	0	0	0.174	0.214
CD2	IL18R1	9606.ENSP00000358490	9606.ENSP00000387211	0	0	0	0	0.090	0	0	0.177	0.219
CD2	TNFSF14	9606.ENSP00000358490	9606.ENSP00000469049	0	0	0	0	0.107	0	0	0.166	0.224
CD2	TRAF1	9606.ENSP00000358490	9606.ENSP00000362994	0	0	0	0	0.135	0	0	0.151	0.234
CD2	GRB2	9606.ENSP00000358490	9606.ENSP00000376345	0	0	0	0	0	0	0	0.242	0.241
CD2	SP140	9606.ENSP00000358490	9606.ENSP00000375899	0	0	0	0	0.251	0	0	0	0.250
CD2	PVR	9606.ENSP00000358490	9606.ENSP00000402060	0	0	0	0	0	0	0	0.273	0.273
CD2	JAK2	9606.ENSP00000358490	9606.ENSP00000371067	0	0	0	0	0	0	0	0.292	0.292
CD2	EOMES	9606.ENSP00000358490	9606.ENSP00000388620	0	0	0	0	0.108	0	0	0.261	0.312
CD2	PADI4	9606.ENSP00000358490	9606.ENSP00000364597	0	0	0	0	0.075	0	0	0.292	0.317
CD2	GATA3	9606.ENSP00000358490	9606.ENSP00000368632	0	0	0	0	0	0	0	0.337	0.337
CD2	CD274	9606.ENSP00000358490	9606.ENSP00000370989	0	0	0	0	0	0	0	0.420	0.420
CD2	ITGA4	9606.ENSP00000358490	9606.ENSP00000380227	0	0	0	0	0.132	0	0	0.460	0.511
CD2	IL10	9606.ENSP00000358490	9606.ENSP00000412237	0	0	0	0	0	0	0	0.517	0.517
CD2	IL2RA	9606.ENSP00000358490	9606.ENSP00000369293	0	0	0	0	0.162	0	0	0.563	0.618
CD2	ITGAX	9606.ENSP00000358490	9606.ENSP00000454623	0	0	0	0	0.161	0	0	0.596	0.646
CD2	ITK	9606.ENSP00000358490	9606.ENSP00000398655	0	0	0	0	0.770	0.270	0	0.409	0.892
CD2	SYK	9606.ENSP00000358490	9606.ENSP00000364907	0	0	0	0	0.158	0	0.900	0.367	0.942
CD2	PTPRC	9606.ENSP00000358490	9606.ENSP00000411355	0	0	0	0	0.540	0.462	0	0.969	0.991
CD226	CX3CL1	9606.ENSP00000280200	9606.ENSP00000006053	0	0	0	0	0	0	0	0.171	0.171
CD226	ICAM3	9606.ENSP00000280200	9606.ENSP00000160262	0	0	0	0	0.062	0	0	0.169	0.187
CD226	IL2RB	9606.ENSP00000280200	9606.ENSP00000216223	0	0	0	0	0.106	0	0	0.477	0.513
CD226	ICAM5	9606.ENSP00000280200	9606.ENSP00000221980	0	0	0	0	0	0	0	0.150	0.150
CD226	IL4	9606.ENSP00000280200	9606.ENSP00000231449	0	0	0	0	0	0	0	0.324	0.323
CD226	IRF1	9606.ENSP00000280200	9606.ENSP00000245414	0	0	0	0	0.088	0	0	0.181	0.221
CD226	IL12RB2	9606.ENSP00000280200	9606.ENSP00000262345	0	0	0	0	0.062	0	0	0.218	0.235
CD226	IL18RAP	9606.ENSP00000280200	9606.ENSP00000264260	0	0	0	0	0.092	0	0	0.150	0.195
CD226	IL21	9606.ENSP00000280200	9606.ENSP00000264497	0	0	0	0	0	0	0	0.164	0.164
CD226	KIAA1109	9606.ENSP00000280200	9606.ENSP00000264501	0	0	0	0	0	0	0	0.218	0.218
CD226	STAT3	9606.ENSP00000280200	9606.ENSP00000264657	0	0	0	0	0	0	0	0.267	0.267
CD226	ERBB3	9606.ENSP00000280200	9606.ENSP00000267101	0	0	0	0	0	0	0	0.158	0.158
CD226	GPR65	9606.ENSP00000280200	9606.ENSP00000267549	0	0	0	0	0.158	0	0	0.112	0.221
CD226	IRF8	9606.ENSP00000280200	9606.ENSP00000268638	0	0	0	0	0.089	0	0	0.262	0.299
CD226	FCGR2A	9606.ENSP00000280200	9606.ENSP00000271450	0	0	0	0	0.069	0	0	0.339	0.358
CD226	SCHIP1	9606.ENSP00000280200	9606.ENSP00000404860	0	0	0	0	0	0	0	0.158	0.157
CD226	TCF7	9606.ENSP00000280200	9606.ENSP00000340347	0	0	0	0	0.062	0	0	0.151	0.169
CD226	ETS1	9606.ENSP00000280200	9606.ENSP00000376436	0	0	0	0	0.060	0	0	0.152	0.169
CD226	TNFRSF11A	9606.ENSP00000280200	9606.ENSP00000465500	0	0	0	0	0	0	0	0.177	0.177
CD226	PMEL	9606.ENSP00000280200	9606.ENSP00000402758	0	0	0	0	0	0	0	0.178	0.178
CD226	ORMDL3	9606.ENSP00000280200	9606.ENSP00000377724	0	0	0	0	0	0	0	0.193	0.193
CD226	CXCR2	9606.ENSP00000280200	9606.ENSP00000319635	0	0	0	0	0.077	0	0	0.169	0.200
CD226	KIF21B	9606.ENSP00000280200	9606.ENSP00000411831	0	0	0	0	0	0	0	0.202	0.202
CD226	ITGA4	9606.ENSP00000280200	9606.ENSP00000380227	0	0	0	0	0.060	0	0	0.195	0.210
CD226	MUC1	9606.ENSP00000280200	9606.ENSP00000484824	0	0	0	0	0	0	0	0.213	0.213
CD226	IL23R	9606.ENSP00000280200	9606.ENSP00000321345	0	0	0	0	0.065	0	0	0.194	0.214
CD226	IKZF1	9606.ENSP00000280200	9606.ENSP00000331614	0	0	0	0	0.091	0	0	0.171	0.214
CD226	TNFSF14	9606.ENSP00000280200	9606.ENSP00000469049	0	0	0	0	0.105	0	0	0.161	0.217
CD226	EVI5	9606.ENSP00000280200	9606.ENSP00000359356	0	0	0	0	0	0	0	0.218	0.218
CD226	TAGAP	9606.ENSP00000280200	9606.ENSP00000356033	0	0	0	0	0.116	0	0	0.155	0.221
CD226	RGS1	9606.ENSP00000280200	9606.ENSP00000356429	0	0	0	0	0.070	0	0	0.204	0.228
CD226	GATA3	9606.ENSP00000280200	9606.ENSP00000368632	0	0	0	0	0	0	0	0.235	0.235
CD226	IL18R1	9606.ENSP00000280200	9606.ENSP00000387211	0	0	0	0	0.073	0	0	0.228	0.254
CD226	ITK	9606.ENSP00000280200	9606.ENSP00000398655	0	0	0	0	0.140	0	0	0.169	0.255
CD226	TGFBR1	9606.ENSP00000280200	9606.ENSP00000364133	0	0	0	0	0	0	0	0.255	0.255
CD226	TRAF1	9606.ENSP00000280200	9606.ENSP00000362994	0	0	0	0	0	0	0	0.260	0.260
CD226	IL13	9606.ENSP00000280200	9606.ENSP00000304915	0	0	0	0	0	0	0	0.266	0.266
CD226	CXCR1	9606.ENSP00000280200	9606.ENSP00000295683	0	0	0	0	0.063	0	0	0.261	0.277
CD226	IRF5	9606.ENSP00000280200	9606.ENSP00000349770	0	0	0	0	0	0	0	0.294	0.294
CD226	CXCR5	9606.ENSP00000280200	9606.ENSP00000292174	0	0	0	0	0.062	0	0	0.295	0.311
CD226	SYK	9606.ENSP00000280200	9606.ENSP00000364907	0	0	0	0	0.085	0	0	0.289	0.321
CD226	TNFRSF14	9606.ENSP00000280200	9606.ENSP00000347948	0	0	0	0	0.062	0	0	0.325	0.339
CD226	IKZF3	9606.ENSP00000280200	9606.ENSP00000344544	0	0	0	0	0.174	0	0	0.235	0.341
CD226	ITGAX	9606.ENSP00000280200	9606.ENSP00000454623	0	0	0	0	0.123	0	0	0.310	0.368
CD226	FCRL3	9606.ENSP00000280200	9606.ENSP00000357167	0	0	0	0	0.076	0	0	0.388	0.410
CD226	EOMES	9606.ENSP00000280200	9606.ENSP00000388620	0	0	0	0	0	0	0	0.431	0.431
CD226	PTPN22	9606.ENSP00000280200	9606.ENSP00000352833	0	0	0	0	0.100	0	0	0.417	0.452
CD226	PTPRC	9606.ENSP00000280200	9606.ENSP00000411355	0	0	0	0	0.131	0	0	0.413	0.468
CD226	IL7R	9606.ENSP00000280200	9606.ENSP00000306157	0	0	0	0	0.084	0	0	0.459	0.483
CD226	IL10	9606.ENSP00000280200	9606.ENSP00000412237	0	0	0	0	0.076	0	0	0.465	0.484
CD226	FASLG	9606.ENSP00000280200	9606.ENSP00000356694	0	0	0	0	0.082	0	0	0.469	0.491
CD226	DOK6	9606.ENSP00000280200	9606.ENSP00000372160	0	0	0	0	0	0	0	0.495	0.495
CD226	IL2RA	9606.ENSP00000280200	9606.ENSP00000369293	0	0	0	0	0.105	0	0	0.460	0.496
CD226	CD274	9606.ENSP00000280200	9606.ENSP00000370989	0	0	0	0	0.052	0	0	0.550	0.555
CD226	HAVCR2	9606.ENSP00000280200	9606.ENSP00000312002	0	0	0	0	0.088	0	0	0.560	0.582
CD226	CTLA4	9606.ENSP00000280200	9606.ENSP00000303939	0	0	0	0	0.081	0	0	0.600	0.616
CD226	GRB2	9606.ENSP00000280200	9606.ENSP00000376345	0	0	0	0	0	0	0	0.687	0.687
CD226	FCGR3A	9606.ENSP00000280200	9606.ENSP00000356946	0	0	0	0	0.062	0	0	0.685	0.691
CD226	CD244	9606.ENSP00000280200	9606.ENSP00000357012	0	0	0	0	0.117	0	0	0.745	0.765
CD226	PVR	9606.ENSP00000280200	9606.ENSP00000402060	0	0	0	0	0	0.884	0.800	0.990	0.999
CD244	ICAM3	9606.ENSP00000357012	9606.ENSP00000160262	0	0	0	0	0.138	0	0	0.077	0.170
CD244	SLC22A4	9606.ENSP00000357012	9606.ENSP00000200652	0	0	0	0	0	0	0	0.324	0.323
CD244	IL2RB	9606.ENSP00000357012	9606.ENSP00000216223	0	0	0	0	0.173	0	0	0.516	0.583
CD244	IL4	9606.ENSP00000357012	9606.ENSP00000231449	0	0	0	0	0	0	0	0.289	0.288
CD244	IRF1	9606.ENSP00000357012	9606.ENSP00000245414	0	0	0	0	0.131	0	0	0.101	0.185
CD244	DHX58	9606.ENSP00000357012	9606.ENSP00000251642	0	0	0	0	0.089	0	0	0.197	0.237
CD244	IL12RB2	9606.ENSP00000357012	9606.ENSP00000262345	0	0	0	0	0.065	0	0	0.211	0.231
CD244	IL18RAP	9606.ENSP00000357012	9606.ENSP00000264260	0	0	0	0	0.320	0	0	0.168	0.411
CD244	KIAA1109	9606.ENSP00000357012	9606.ENSP00000264501	0	0	0	0	0	0	0	0.262	0.262
CD244	STAT3	9606.ENSP00000357012	9606.ENSP00000264657	0	0	0	0	0	0	0	0.181	0.181
CD244	GPR65	9606.ENSP00000357012	9606.ENSP00000267549	0	0	0	0	0.182	0	0	0	0.181
CD244	IRF8	9606.ENSP00000357012	9606.ENSP00000268638	0	0	0	0	0.352	0	0	0.150	0.426
CD244	FCGR2A	9606.ENSP00000357012	9606.ENSP00000271450	0	0	0	0	0.150	0	0	0.289	0.370
CD244	SAMSN1	9606.ENSP00000357012	9606.ENSP00000285670	0	0	0	0	0.257	0	0	0	0.256
CD244	CXCR5	9606.ENSP00000357012	9606.ENSP00000292174	0	0	0	0	0.065	0	0	0.308	0.325
CD244	CXCR1	9606.ENSP00000357012	9606.ENSP00000295683	0	0	0	0	0.207	0	0	0.162	0.307
CD244	TRAT1	9606.ENSP00000357012	9606.ENSP00000295756	0	0	0	0	0.193	0	0	0.115	0.256
CD244	PPBP	9606.ENSP00000357012	9606.ENSP00000296028	0	0	0	0	0.215	0	0	0	0.215
CD244	PF4	9606.ENSP00000357012	9606.ENSP00000296029	0	0	0	0	0.139	0	0	0.069	0.164
CD244	NOD2	9606.ENSP00000357012	9606.ENSP00000300589	0	0	0	0	0.274	0	0	0.060	0.288
CD244	IL16	9606.ENSP00000357012	9606.ENSP00000302935	0	0	0	0	0.213	0	0	0.048	0.218
CD244	CTLA4	9606.ENSP00000357012	9606.ENSP00000303939	0	0	0	0	0.088	0	0	0.614	0.632
CD244	IL13	9606.ENSP00000357012	9606.ENSP00000304915	0	0	0	0	0	0	0	0.234	0.234
CD244	PRKCB	9606.ENSP00000357012	9606.ENSP00000305355	0	0	0	0	0.139	0	0	0.066	0.161
CD244	IL7R	9606.ENSP00000357012	9606.ENSP00000306157	0	0	0	0	0.097	0	0	0.522	0.550
CD244	HAVCR2	9606.ENSP00000357012	9606.ENSP00000312002	0	0	0	0	0.117	0	0	0.681	0.707
CD244	CXCR2	9606.ENSP00000357012	9606.ENSP00000319635	0	0	0	0	0.112	0	0	0.195	0.254
CD244	IL23R	9606.ENSP00000357012	9606.ENSP00000321345	0	0	0	0	0	0	0	0.156	0.155
CD244	ITLN1	9606.ENSP00000357012	9606.ENSP00000323587	0	0	0	0	0.088	0	0	0.151	0.192
CD244	NRROS	9606.ENSP00000357012	9606.ENSP00000328625	0	0	0	0	0.214	0	0	0.067	0.235
CD244	IKZF1	9606.ENSP00000357012	9606.ENSP00000331614	0	0	0	0	0.351	0	0	0.162	0.433
CD244	TCF7	9606.ENSP00000357012	9606.ENSP00000340347	0	0	0	0	0	0	0	0.302	0.302
CD244	RASAL3	9606.ENSP00000357012	9606.ENSP00000341905	0	0	0	0	0.367	0	0	0	0.367
CD244	IKZF3	9606.ENSP00000357012	9606.ENSP00000344544	0	0	0	0	0.089	0	0	0.165	0.206
CD244	TNFRSF14	9606.ENSP00000357012	9606.ENSP00000347948	0	0	0	0	0.140	0	0	0.335	0.403
CD244	IRF5	9606.ENSP00000357012	9606.ENSP00000349770	0	0	0	0	0.170	0	0	0.119	0.238
CD244	PTPN22	9606.ENSP00000357012	9606.ENSP00000352833	0	0	0	0	0.193	0	0	0.275	0.390
CD244	TAGAP	9606.ENSP00000357012	9606.ENSP00000356033	0	0	0	0	0.378	0	0	0.082	0.404
CD244	RGS1	9606.ENSP00000357012	9606.ENSP00000356429	0	0	0	0	0.181	0	0	0.090	0.222
CD244	FASLG	9606.ENSP00000357012	9606.ENSP00000356694	0	0	0	0	0.120	0	0	0.335	0.389
CD244	FCGR3A	9606.ENSP00000357012	9606.ENSP00000356946	0	0	0	0	0.291	0	0	0.526	0.649
CD244	SP140	9606.ENSP00000357012	9606.ENSP00000375899	0	0	0	0	0.152	0	0	0	0.151
CD244	GNGT2	9606.ENSP00000357012	9606.ENSP00000426022	0	0	0	0	0.152	0	0	0	0.151
CD244	JAK2	9606.ENSP00000357012	9606.ENSP00000371067	0	0	0	0	0.076	0	0	0.123	0.155
CD244	GATA3	9606.ENSP00000357012	9606.ENSP00000368632	0	0	0	0	0	0	0	0.248	0.248
CD244	PHF19	9606.ENSP00000357012	9606.ENSP00000483946	0	0	0	0	0	0	0	0.265	0.265
CD244	ITGA4	9606.ENSP00000357012	9606.ENSP00000380227	0	0	0	0	0.140	0	0	0.194	0.277
CD244	TRAF1	9606.ENSP00000357012	9606.ENSP00000362994	0	0	0	0	0.098	0	0	0.235	0.280
CD244	FCRL3	9606.ENSP00000357012	9606.ENSP00000357167	0	0	0	0	0.124	0	0	0.218	0.285
CD244	IL2RA	9606.ENSP00000357012	9606.ENSP00000369293	0	0	0	0	0.088	0	0	0.261	0.297
CD244	TNFSF14	9606.ENSP00000357012	9606.ENSP00000469049	0	0	0	0	0.097	0	0	0.255	0.299
CD244	IRGM	9606.ENSP00000357012	9606.ENSP00000428220	0	0	0	0	0.053	0	0	0.294	0.302
CD244	ORMDL3	9606.ENSP00000357012	9606.ENSP00000377724	0	0	0	0	0	0	0	0.303	0.303
CD244	ITK	9606.ENSP00000357012	9606.ENSP00000398655	0	0	0	0	0.099	0	0	0.260	0.304
CD244	IL18R1	9606.ENSP00000357012	9606.ENSP00000387211	0	0	0	0	0.098	0	0	0.267	0.310
CD244	IL10	9606.ENSP00000357012	9606.ENSP00000412237	0	0	0	0	0.062	0	0	0.344	0.358
CD244	GRB2	9606.ENSP00000357012	9606.ENSP00000376345	0	0	0	0	0	0.270	0	0.160	0.360
CD244	SYK	9606.ENSP00000357012	9606.ENSP00000364907	0	0	0	0	0.186	0	0	0.253	0.366
CD244	PVR	9606.ENSP00000357012	9606.ENSP00000402060	0	0	0	0	0	0	0	0.404	0.404
CD244	PADI4	9606.ENSP00000357012	9606.ENSP00000364597	0	0	0	0	0.135	0	0	0.350	0.413
CD244	ITGAX	9606.ENSP00000357012	9606.ENSP00000454623	0	0	0	0	0.222	0	0	0.332	0.458
CD244	CD274	9606.ENSP00000357012	9606.ENSP00000370989	0	0	0	0	0.062	0	0	0.507	0.518
CD244	EOMES	9606.ENSP00000357012	9606.ENSP00000388620	0	0	0	0	0.081	0	0	0.502	0.523
CD244	PTPRC	9606.ENSP00000357012	9606.ENSP00000411355	0	0	0	0	0.370	0.270	0	0.459	0.729
CD274	CX3CL1	9606.ENSP00000370989	9606.ENSP00000006053	0	0	0	0	0	0	0	0.308	0.307
CD274	ICAM3	9606.ENSP00000370989	9606.ENSP00000160262	0	0	0	0	0	0	0	0.161	0.161
CD274	KEAP1	9606.ENSP00000370989	9606.ENSP00000171111	0	0	0	0	0	0	0	0.251	0.250
CD274	FAP	9606.ENSP00000370989	9606.ENSP00000188790	0	0	0	0	0	0	0	0.296	0.296
CD274	HMOX1	9606.ENSP00000370989	9606.ENSP00000216117	0	0	0	0	0.076	0	0	0.291	0.316
CD274	IL2RB	9606.ENSP00000370989	9606.ENSP00000216223	0	0	0	0	0.105	0	0	0.419	0.458
CD274	DHODH	9606.ENSP00000370989	9606.ENSP00000219240	0	0	0	0	0	0	0	0.152	0.152
CD274	PLGRKT	9606.ENSP00000370989	9606.ENSP00000223864	0	0	0	0	0.062	0	0	0.222	0.239
CD274	RPS6KB1	9606.ENSP00000370989	9606.ENSP00000225577	0	0	0	0	0	0	0	0.294	0.294
CD274	IL12B	9606.ENSP00000370989	9606.ENSP00000231228	0	0	0	0	0	0	0	0.166	0.166
CD274	IL4	9606.ENSP00000370989	9606.ENSP00000231449	0	0	0	0	0	0	0	0.691	0.691
CD274	LRP1	9606.ENSP00000370989	9606.ENSP00000243077	0	0	0	0	0	0	0	0.232	0.231
CD274	IRF1	9606.ENSP00000370989	9606.ENSP00000245414	0	0	0	0	0.185	0	0	0.529	0.601
CD274	TICAM1	9606.ENSP00000370989	9606.ENSP00000248244	0	0	0	0	0.135	0	0	0.170	0.251
CD274	LIF	9606.ENSP00000370989	9606.ENSP00000249075	0	0	0	0	0.088	0	0	0.151	0.192
CD274	DHX58	9606.ENSP00000370989	9606.ENSP00000251642	0	0	0	0	0.162	0	0	0.171	0.276
CD274	IL21	9606.ENSP00000370989	9606.ENSP00000264497	0	0	0	0	0	0	0	0.363	0.363
CD274	STAT3	9606.ENSP00000370989	9606.ENSP00000264657	0	0	0	0	0.063	0	0	0.698	0.705
CD274	CDK2	9606.ENSP00000370989	9606.ENSP00000266970	0	0	0	0	0	0	0	0.204	0.204
CD274	ERBB3	9606.ENSP00000370989	9606.ENSP00000267101	0	0	0	0	0	0	0	0.458	0.457
CD274	IRF8	9606.ENSP00000370989	9606.ENSP00000268638	0	0	0	0	0.094	0	0	0.329	0.366
CD274	FCGR2A	9606.ENSP00000370989	9606.ENSP00000271450	0	0	0	0	0.062	0	0	0.521	0.532
CD274	SAMSN1	9606.ENSP00000370989	9606.ENSP00000285670	0	0	0	0	0.106	0	0	0.100	0.161
CD274	MED7	9606.ENSP00000370989	9606.ENSP00000286317	0	0	0	0	0	0	0	0.460	0.459
CD274	IFNGR2	9606.ENSP00000370989	9606.ENSP00000290219	0	0	0	0	0.055	0	0	0.284	0.294
CD274	CXCR5	9606.ENSP00000370989	9606.ENSP00000292174	0	0	0	0	0.062	0	0	0.543	0.553
CD274	CXCR1	9606.ENSP00000370989	9606.ENSP00000295683	0	0	0	0	0.062	0	0	0.314	0.329
CD274	RETNLB	9606.ENSP00000370989	9606.ENSP00000295755	0	0	0	0	0	0	0	0.234	0.234
CD274	CXCL3	9606.ENSP00000370989	9606.ENSP00000296026	0	0	0	0	0.101	0	0	0.254	0.300
CD274	CXCL5	9606.ENSP00000370989	9606.ENSP00000296027	0	0	0	0	0.099	0	0	0.395	0.431
CD274	PPBP	9606.ENSP00000370989	9606.ENSP00000296028	0	0	0	0	0.087	0	0	0.323	0.355
CD274	PF4	9606.ENSP00000370989	9606.ENSP00000296029	0	0	0	0	0.063	0	0	0.165	0.184
CD274	STAT6	9606.ENSP00000370989	9606.ENSP00000300134	0	0	0	0	0.084	0	0	0.459	0.483
CD274	NOD2	9606.ENSP00000370989	9606.ENSP00000300589	0	0	0	0	0.108	0	0	0.243	0.296
CD274	IL16	9606.ENSP00000370989	9606.ENSP00000302935	0	0	0	0	0.065	0	0	0.166	0.186
CD274	IL12A	9606.ENSP00000370989	9606.ENSP00000303231	0	0	0	0	0.077	0	0	0.128	0.160
CD274	CTLA4	9606.ENSP00000370989	9606.ENSP00000303939	0	0	0	0	0.062	0.417	0	0.978	0.987
CD274	IL13	9606.ENSP00000370989	9606.ENSP00000304915	0	0	0	0	0	0	0	0.566	0.566
CD274	IL7R	9606.ENSP00000370989	9606.ENSP00000306157	0	0	0	0	0.120	0	0	0.563	0.599
CD274	FOS	9606.ENSP00000370989	9606.ENSP00000306245	0	0	0	0	0.051	0	0	0.212	0.220
CD274	HAVCR2	9606.ENSP00000370989	9606.ENSP00000312002	0	0	0	0	0.062	0	0	0.882	0.885
CD274	CXCR2	9606.ENSP00000370989	9606.ENSP00000319635	0	0	0	0	0	0	0	0.460	0.459
CD274	IL23R	9606.ENSP00000370989	9606.ENSP00000321345	0	0	0	0	0.062	0	0	0.209	0.226
CD274	IKZF1	9606.ENSP00000370989	9606.ENSP00000331614	0	0	0	0	0.083	0	0	0.243	0.276
CD274	TSLP	9606.ENSP00000370989	9606.ENSP00000339804	0	0	0	0	0	0	0	0.334	0.334
CD274	TCF7	9606.ENSP00000370989	9606.ENSP00000340347	0	0	0	0	0	0	0	0.234	0.234
CD274	IL19	9606.ENSP00000370989	9606.ENSP00000343000	0	0	0	0	0	0	0	0.158	0.158
CD274	IKZF3	9606.ENSP00000370989	9606.ENSP00000344544	0	0	0	0	0.062	0	0	0.172	0.190
CD274	TNFRSF14	9606.ENSP00000370989	9606.ENSP00000347948	0	0	0	0	0.088	0	0	0.611	0.630
CD274	IRF5	9606.ENSP00000370989	9606.ENSP00000349770	0	0	0	0	0.085	0	0	0.243	0.278
CD274	TGFBR2	9606.ENSP00000370989	9606.ENSP00000351905	0	0	0	0	0.077	0	0	0.359	0.383
CD274	PTPN22	9606.ENSP00000370989	9606.ENSP00000352833	0	0	0	0	0.093	0	0	0.203	0.246
CD274	RGS1	9606.ENSP00000370989	9606.ENSP00000356429	0	0	0	0	0.125	0	0	0.073	0.155
CD274	FASLG	9606.ENSP00000370989	9606.ENSP00000356694	0	0	0	0	0.062	0	0	0.661	0.668
CD274	FCGR3A	9606.ENSP00000370989	9606.ENSP00000356946	0	0	0	0	0.114	0	0	0.659	0.685
CD274	GNAS	9606.ENSP00000370989	9606.ENSP00000360141	0	0	0	0	0	0	0	0.166	0.165
CD274	MMP9	9606.ENSP00000370989	9606.ENSP00000361405	0	0	0	0	0.096	0	0	0.457	0.488
CD274	PLAU	9606.ENSP00000370989	9606.ENSP00000361850	0	0	0	0	0.077	0	0	0.167	0.198
CD274	TRAF1	9606.ENSP00000370989	9606.ENSP00000362994	0	0	0	0	0.161	0	0	0.211	0.310
CD274	TNFSF15	9606.ENSP00000370989	9606.ENSP00000363157	0	0	0	0	0.062	0	0	0.170	0.188
CD274	TGFBR1	9606.ENSP00000370989	9606.ENSP00000364133	0	0	0	0	0	0	0	0.260	0.260
CD274	SYK	9606.ENSP00000370989	9606.ENSP00000364907	0	0	0	0	0.062	0	0	0.317	0.331
CD274	GATA3	9606.ENSP00000370989	9606.ENSP00000368632	0	0	0	0	0	0	0	0.469	0.469
CD274	IL2RA	9606.ENSP00000370989	9606.ENSP00000369293	0	0	0	0	0.074	0	0	0.484	0.502
CD274	ETS1	9606.ENSP00000370989	9606.ENSP00000376436	0	0	0	0	0.078	0	0	0.144	0.177
CD274	GRB2	9606.ENSP00000370989	9606.ENSP00000376345	0	0	0	0	0	0	0	0.182	0.181
CD274	IL18R1	9606.ENSP00000370989	9606.ENSP00000387211	0	0	0	0	0.112	0	0	0.124	0.188
CD274	THADA	9606.ENSP00000370989	9606.ENSP00000385995	0	0	0	0	0	0.213	0	0	0.213
CD274	IRGM	9606.ENSP00000370989	9606.ENSP00000428220	0	0	0	0	0.167	0	0	0.116	0.232
CD274	TNFSF14	9606.ENSP00000370989	9606.ENSP00000469049	0	0	0	0	0.062	0	0	0.292	0.307
CD274	ITK	9606.ENSP00000370989	9606.ENSP00000398655	0	0	0	0	0.062	0	0	0.325	0.339
CD274	ITGA4	9606.ENSP00000370989	9606.ENSP00000380227	0	0	0	0	0.062	0	0	0.358	0.372
CD274	IFI30	9606.ENSP00000370989	9606.ENSP00000384886	0	0	0	0	0.069	0	0	0.401	0.419
CD274	IRF7	9606.ENSP00000370989	9606.ENSP00000380697	0	0	0	0	0.154	0	0	0.371	0.445
CD274	EOMES	9606.ENSP00000370989	9606.ENSP00000388620	0	0	0	0	0	0	0	0.470	0.470
CD274	MUC1	9606.ENSP00000370989	9606.ENSP00000484824	0	0	0	0	0	0	0	0.520	0.520
CD274	PVR	9606.ENSP00000370989	9606.ENSP00000402060	0	0	0	0	0	0	0	0.556	0.556
CD274	PMEL	9606.ENSP00000370989	9606.ENSP00000402758	0	0	0	0	0	0	0	0.623	0.623
CD274	JAK2	9606.ENSP00000370989	9606.ENSP00000371067	0	0	0	0	0.097	0	0	0.615	0.637
CD274	ITGAX	9606.ENSP00000370989	9606.ENSP00000454623	0	0	0	0	0.063	0	0	0.730	0.737
CD274	PTPRC	9606.ENSP00000370989	9606.ENSP00000411355	0	0	0	0	0.105	0	0	0.724	0.743
CD274	IL10	9606.ENSP00000370989	9606.ENSP00000412237	0	0	0	0	0.062	0	0	0.825	0.829
CDC37	ITK	9606.ENSP00000222005	9606.ENSP00000398655	0	0	0	0	0	0.152	0	0	0.152
CDC37	MED7	9606.ENSP00000222005	9606.ENSP00000286317	0	0	0	0	0.065	0	0	0.134	0.155
CDC37	TRAF1	9606.ENSP00000222005	9606.ENSP00000362994	0	0	0	0	0	0.146	0	0.063	0.165
CDC37	RPS6KA4	9606.ENSP00000222005	9606.ENSP00000333896	0	0	0	0	0.076	0.129	0	0.048	0.166
CDC37	RPL3	9606.ENSP00000222005	9606.ENSP00000346001	0	0	0	0	0.170	0	0	0	0.169
CDC37	RPS6KB1	9606.ENSP00000222005	9606.ENSP00000225577	0	0	0	0	0.065	0.119	0	0.074	0.171
CDC37	PPIL2	9606.ENSP00000222005	9606.ENSP00000334553	0	0	0	0	0.110	0.061	0	0.096	0.178
CDC37	RPS26	9606.ENSP00000222005	9606.ENSP00000348849	0	0	0	0	0.180	0	0	0	0.179
CDC37	PARK7	9606.ENSP00000222005	9606.ENSP00000418770	0	0	0	0	0.125	0	0	0.110	0.189
CDC37	DHX58	9606.ENSP00000222005	9606.ENSP00000251642	0	0	0	0	0	0	0	0.189	0.189
CDC37	RAB5B	9606.ENSP00000222005	9606.ENSP00000353444	0	0	0	0	0	0	0	0.190	0.190
CDC37	KSR1	9606.ENSP00000222005	9606.ENSP00000381958	0	0	0	0	0	0.176	0	0.065	0.197
CDC37	HSPA6	9606.ENSP00000222005	9606.ENSP00000310219	0	0	0	0	0.123	0.130	0	0.108	0.260
CDC37	POLR2E	9606.ENSP00000222005	9606.ENSP00000478303	0	0	0	0	0.279	0	0	0	0.279
CDC37	GRB2	9606.ENSP00000222005	9606.ENSP00000376345	0	0	0	0	0	0	0.600	0.071	0.612
CDC37	CDK2	9606.ENSP00000222005	9606.ENSP00000266970	0	0	0	0	0.045	0.365	0	0.617	0.748
CDC37	ERBB3	9606.ENSP00000222005	9606.ENSP00000267101	0	0	0	0	0	0.142	0.900	0.106	0.916
CDHR5	DRD4	9606.ENSP00000351118	9606.ENSP00000176183	0	0	0	0	0.062	0.057	0	0.572	0.588
CDHR5	SLC9A3	9606.ENSP00000351118	9606.ENSP00000264938	0	0	0	0	0.134	0	0	0.145	0.227
CDHR5	SLC26A3	9606.ENSP00000351118	9606.ENSP00000345873	0	0	0	0	0.214	0	0	0	0.214
CDHR5	IRF5	9606.ENSP00000351118	9606.ENSP00000349770	0	0	0	0	0	0	0	0.419	0.419
CDHR5	IRF7	9606.ENSP00000351118	9606.ENSP00000380697	0	0	0	0	0.062	0	0	0.275	0.291
CDHR5	MYO1A	9606.ENSP00000351118	9606.ENSP00000393392	0	0	0	0	0.299	0.081	0	0.321	0.524
CDK2	KEAP1	9606.ENSP00000266970	9606.ENSP00000171111	0	0	0	0	0	0	0	0.211	0.211
CDK2	HMOX1	9606.ENSP00000266970	9606.ENSP00000216117	0	0	0	0	0.063	0	0	0.276	0.292
CDK2	FERMT1	9606.ENSP00000266970	9606.ENSP00000217289	0	0	0	0	0	0	0	0.419	0.419
CDK2	DHODH	9606.ENSP00000266970	9606.ENSP00000219240	0	0	0	0	0.063	0	0	0.137	0.156
CDK2	RPS6KB1	9606.ENSP00000266970	9606.ENSP00000225577	0	0	0.413	0.710	0	0.153	0	0.547	0.363
CDK2	KAT2A	9606.ENSP00000266970	9606.ENSP00000225916	0	0	0	0	0.063	0.297	0	0.275	0.481
CDK2	IL4	9606.ENSP00000266970	9606.ENSP00000231449	0	0	0	0	0	0	0	0.204	0.204
CDK2	IRF1	9606.ENSP00000266970	9606.ENSP00000245414	0	0	0	0	0	0	0	0.241	0.240
CDK2	LIF	9606.ENSP00000266970	9606.ENSP00000249075	0	0	0	0	0.065	0	0	0.211	0.230
CDK2	HNF1A	9606.ENSP00000266970	9606.ENSP00000257555	0	0	0	0	0	0	0	0.159	0.159
CDK2	IKZF4	9606.ENSP00000266970	9606.ENSP00000262032	0	0	0	0	0.054	0.091	0	0.131	0.187
CDK2	NOX4	9606.ENSP00000266970	9606.ENSP00000263317	0	0	0	0	0	0	0	0.163	0.163
CDK2	STAT3	9606.ENSP00000266970	9606.ENSP00000264657	0	0	0	0	0.062	0.130	0	0.712	0.745
CDK2	SLX4	9606.ENSP00000266970	9606.ENSP00000294008	0	0	0	0	0	0	0	0.153	0.153
CDK2	EOMES	9606.ENSP00000266970	9606.ENSP00000388620	0	0	0	0	0	0.058	0	0.139	0.154
CDK2	UBE2E2	9606.ENSP00000266970	9606.ENSP00000379931	0	0	0	0	0.072	0.101	0	0.067	0.154
CDK2	SYK	9606.ENSP00000266970	9606.ENSP00000364907	0	0	0	0.616	0.062	0.061	0	0.242	0.155
CDK2	TMEM194A	9606.ENSP00000266970	9606.ENSP00000300128	0	0	0	0	0.156	0	0	0	0.156
CDK2	HSPA6	9606.ENSP00000266970	9606.ENSP00000310219	0	0	0	0	0.049	0.145	0	0.048	0.158
CDK2	ZBTB38	9606.ENSP00000266970	9606.ENSP00000426387	0	0	0	0	0.054	0.091	0	0.108	0.166
CDK2	UBE2L3	9606.ENSP00000266970	9606.ENSP00000400906	0	0	0	0	0.062	0.101	0	0.094	0.169
CDK2	MUC1	9606.ENSP00000266970	9606.ENSP00000484824	0	0	0	0	0	0.064	0	0.150	0.170
CDK2	PTPN22	9606.ENSP00000266970	9606.ENSP00000352833	0	0	0	0	0.062	0.148	0	0.046	0.171
CDK2	TGFBR1	9606.ENSP00000266970	9606.ENSP00000364133	0	0	0	0.604	0.062	0.061	0	0.298	0.179
CDK2	SUOX	9606.ENSP00000266970	9606.ENSP00000377668	0	0	0	0	0	0	0	0.184	0.184
CDK2	GNAS	9606.ENSP00000266970	9606.ENSP00000360141	0	0	0	0	0	0.152	0	0.080	0.187
CDK2	SNAPC4	9606.ENSP00000266970	9606.ENSP00000298532	0	0	0	0	0.062	0.153	0	0.067	0.194
CDK2	JAK2	9606.ENSP00000266970	9606.ENSP00000371067	0	0	0	0.678	0.062	0.061	0	0.419	0.198
CDK2	GNA12	9606.ENSP00000266970	9606.ENSP00000275364	0	0	0	0	0.049	0.175	0	0.062	0.199
CDK2	ERBB3	9606.ENSP00000266970	9606.ENSP00000267101	0	0	0	0.581	0	0	0	0.429	0.203
CDK2	IKZF1	9606.ENSP00000266970	9606.ENSP00000331614	0	0	0	0	0.054	0.091	0	0.158	0.213
CDK2	ETS2	9606.ENSP00000266970	9606.ENSP00000353344	0	0	0	0	0	0	0	0.216	0.216
CDK2	POLR2E	9606.ENSP00000266970	9606.ENSP00000478303	0	0	0	0	0.062	0.185	0	0.066	0.223
CDK2	KIF21B	9606.ENSP00000266970	9606.ENSP00000411831	0	0	0	0	0.107	0.152	0	0.062	0.227
CDK2	RAB5B	9606.ENSP00000266970	9606.ENSP00000353444	0	0	0	0	0	0	0	0.229	0.229
CDK2	IL10	9606.ENSP00000266970	9606.ENSP00000412237	0	0	0	0	0	0	0	0.241	0.240
CDK2	TUBD1	9606.ENSP00000266970	9606.ENSP00000320797	0	0	0	0	0.085	0.142	0	0.114	0.243
CDK2	PLAU	9606.ENSP00000266970	9606.ENSP00000361850	0	0	0	0	0.064	0	0	0.234	0.252
CDK2	CTLA4	9606.ENSP00000266970	9606.ENSP00000303939	0	0	0	0	0	0	0	0.270	0.270
CDK2	ETS1	9606.ENSP00000266970	9606.ENSP00000376436	0	0	0	0	0	0	0	0.271	0.271
CDK2	DDX6	9606.ENSP00000266970	9606.ENSP00000478754	0	0.002	0	0	0.133	0.148	0	0.133	0.303
CDK2	TGFBR2	9606.ENSP00000266970	9606.ENSP00000351905	0	0	0	0	0.062	0.061	0	0.274	0.304
CDK2	PTPRC	9606.ENSP00000266970	9606.ENSP00000411355	0	0	0	0	0.053	0.119	0	0.235	0.306
CDK2	RAB5C	9606.ENSP00000266970	9606.ENSP00000447053	0	0	0	0	0	0.282	0	0.080	0.311
CDK2	CUL2	9606.ENSP00000266970	9606.ENSP00000444856	0	0	0	0	0.063	0.078	0	0.267	0.311
CDK2	GRB2	9606.ENSP00000266970	9606.ENSP00000376345	0	0	0	0	0	0	0	0.322	0.321
CDK2	FASLG	9606.ENSP00000266970	9606.ENSP00000356694	0	0	0	0	0	0	0	0.342	0.342
CDK2	STAT6	9606.ENSP00000266970	9606.ENSP00000300134	0	0	0	0	0.062	0.130	0	0.267	0.350
CDK2	PMEL	9606.ENSP00000266970	9606.ENSP00000402758	0	0	0	0	0.152	0	0	0.270	0.354
CDK2	GATA3	9606.ENSP00000266970	9606.ENSP00000368632	0	0	0	0	0.076	0.270	0	0.183	0.401
CDK2	FOS	9606.ENSP00000266970	9606.ENSP00000306245	0	0	0	0	0	0	0	0.478	0.478
CDK2	MMP9	9606.ENSP00000266970	9606.ENSP00000361405	0	0	0	0	0	0	0	0.528	0.528
CDK2	PTTG1	9606.ENSP00000266970	9606.ENSP00000377536	0	0	0	0	0.269	0	0	0.420	0.559
CDK2	HECA	9606.ENSP00000266970	9606.ENSP00000356630	0	0	0	0	0	0	0	0.708	0.709
CDK2	FEN1	9606.ENSP00000266970	9606.ENSP00000305480	0	0	0	0	0.324	0.351	0	0.395	0.711
CDK2	CEBPA	9606.ENSP00000266970	9606.ENSP00000427514	0	0	0	0	0	0.592	0.900	0.991	0.999
CEBPA	KEAP1	9606.ENSP00000427514	9606.ENSP00000171111	0	0	0	0	0.049	0	0	0.209	0.216
CEBPA	HMOX1	9606.ENSP00000427514	9606.ENSP00000216117	0	0	0	0	0.076	0	0	0.340	0.364
CEBPA	PLIN3	9606.ENSP00000427514	9606.ENSP00000221957	0	0	0	0	0	0	0	0.181	0.181
CEBPA	RPS6KB1	9606.ENSP00000427514	9606.ENSP00000225577	0	0	0	0	0.062	0	0	0.322	0.337
CEBPA	KAT2A	9606.ENSP00000427514	9606.ENSP00000225916	0	0	0	0	0.069	0.078	0	0.203	0.256
CEBPA	IL4	9606.ENSP00000427514	9606.ENSP00000231449	0	0	0	0	0	0	0	0.344	0.343
CEBPA	IRF1	9606.ENSP00000427514	9606.ENSP00000245414	0	0	0	0	0.062	0	0	0.351	0.365
CEBPA	LIF	9606.ENSP00000427514	9606.ENSP00000249075	0	0	0	0	0	0	0	0.195	0.195
CEBPA	GRHL2	9606.ENSP00000427514	9606.ENSP00000251808	0	0	0	0	0.054	0.075	0	0.134	0.176
CEBPA	HNF1A	9606.ENSP00000427514	9606.ENSP00000257555	0	0	0	0	0.062	0.213	0	0.616	0.692
CEBPA	SP110	9606.ENSP00000427514	9606.ENSP00000258381	0	0	0	0	0	0.270	0	0	0.270
CEBPA	NOX4	9606.ENSP00000427514	9606.ENSP00000263317	0	0	0	0	0	0	0	0.181	0.181
CEBPA	STAT3	9606.ENSP00000427514	9606.ENSP00000264657	0	0	0	0	0.062	0.066	0.650	0.720	0.903
CEBPA	FOSL2	9606.ENSP00000427514	9606.ENSP00000264716	0	0	0	0	0.091	0.078	0	0.334	0.394
CEBPA	ERBB3	9606.ENSP00000427514	9606.ENSP00000267101	0	0	0	0	0.062	0	0	0.164	0.183
CEBPA	IRF8	9606.ENSP00000427514	9606.ENSP00000268638	0	0	0	0	0.128	0	0	0.665	0.697
CEBPA	FCGR2A	9606.ENSP00000427514	9606.ENSP00000271450	0	0	0	0	0.089	0	0	0.171	0.212
CEBPA	FADS2	9606.ENSP00000427514	9606.ENSP00000278840	0	0	0	0	0	0	0	0.165	0.165
CEBPA	HHEX	9606.ENSP00000427514	9606.ENSP00000282728	0	0	0	0	0.095	0	0	0.322	0.361
CEBPA	MED7	9606.ENSP00000427514	9606.ENSP00000286317	0	0	0	0	0	0	0.900	0	0.900
CEBPA	SOX8	9606.ENSP00000427514	9606.ENSP00000293894	0	0	0	0	0	0.302	0	0.071	0.324
CEBPA	RETNLB	9606.ENSP00000427514	9606.ENSP00000295755	0	0	0	0	0.049	0	0	0.204	0.210
CEBPA	NAB2	9606.ENSP00000427514	9606.ENSP00000300131	0	0	0	0	0	0	0	0.242	0.242
CEBPA	STAT6	9606.ENSP00000427514	9606.ENSP00000300134	0	0	0	0	0.062	0.066	0	0.361	0.391
CEBPA	NOD2	9606.ENSP00000427514	9606.ENSP00000300589	0	0	0	0	0.126	0	0	0.099	0.178
CEBPA	CTLA4	9606.ENSP00000427514	9606.ENSP00000303939	0	0	0	0	0	0	0	0.171	0.171
CEBPA	IL13	9606.ENSP00000427514	9606.ENSP00000304915	0	0	0	0	0	0.107	0	0.260	0.310
CEBPA	IL7R	9606.ENSP00000427514	9606.ENSP00000306157	0	0	0	0	0.062	0	0	0.293	0.308
CEBPA	FOS	9606.ENSP00000427514	9606.ENSP00000306245	0	0	0	0	0.112	0.299	0.900	0.880	0.991
CEBPA	FUT1	9606.ENSP00000427514	9606.ENSP00000312021	0	0	0	0	0.062	0.270	0	0.066	0.305
CEBPA	CXCR2	9606.ENSP00000427514	9606.ENSP00000319635	0	0	0	0	0	0.056	0	0.142	0.155
CEBPA	IKZF1	9606.ENSP00000427514	9606.ENSP00000331614	0	0	0	0	0.098	0.058	0	0.517	0.553
CEBPA	TSLP	9606.ENSP00000427514	9606.ENSP00000339804	0	0	0	0	0	0	0	0.154	0.153
CEBPA	TCF7	9606.ENSP00000427514	9606.ENSP00000340347	0	0	0	0	0	0.223	0	0.205	0.356
CEBPA	NKX2-3	9606.ENSP00000427514	9606.ENSP00000342828	0	0	0	0	0	0.068	0	0.225	0.247
CEBPA	IKZF3	9606.ENSP00000427514	9606.ENSP00000344544	0	0	0	0	0	0.058	0	0.155	0.169
CEBPA	HP	9606.ENSP00000427514	9606.ENSP00000348170	0	0	0	0	0.065	0.057	0	0.157	0.191
CEBPA	IRF5	9606.ENSP00000427514	9606.ENSP00000349770	0	0	0	0	0.098	0	0	0.241	0.286
CEBPA	TGFBR2	9606.ENSP00000427514	9606.ENSP00000351905	0	0	0	0	0.063	0.058	0	0.161	0.194
CEBPA	ETS2	9606.ENSP00000427514	9606.ENSP00000353344	0	0	0	0	0.096	0.058	0.900	0.710	0.972
CEBPA	TAGAP	9606.ENSP00000427514	9606.ENSP00000356033	0	0	0	0	0.107	0	0	0.096	0.159
CEBPA	FCGR3A	9606.ENSP00000427514	9606.ENSP00000356946	0	0	0	0	0.112	0	0	0.168	0.229
CEBPA	EVI5	9606.ENSP00000427514	9606.ENSP00000359356	0	0	0	0	0	0.127	0	0.141	0.218
CEBPA	GNAS	9606.ENSP00000427514	9606.ENSP00000360141	0	0	0	0	0	0	0	0.194	0.194
CEBPA	MMP9	9606.ENSP00000427514	9606.ENSP00000361405	0	0	0	0	0.154	0	0	0.320	0.400
CEBPA	PLAU	9606.ENSP00000427514	9606.ENSP00000361850	0	0	0	0	0	0.056	0	0.167	0.180
CEBPA	TGFBR1	9606.ENSP00000427514	9606.ENSP00000364133	0	0	0	0	0	0.058	0	0.151	0.166
CEBPA	SYK	9606.ENSP00000427514	9606.ENSP00000364907	0	0	0	0	0.098	0.058	0	0.149	0.214
CEBPA	GATA3	9606.ENSP00000427514	9606.ENSP00000368632	0	0	0	0	0.049	0.058	0	0.815	0.820
CEBPA	JAK2	9606.ENSP00000427514	9606.ENSP00000371067	0	0	0	0	0	0.058	0	0.527	0.535
CEBPA	TMPRSS6	9606.ENSP00000427514	9606.ENSP00000371211	0	0	0	0	0.064	0.057	0	0.181	0.213
CEBPA	GRB2	9606.ENSP00000427514	9606.ENSP00000376345	0	0	0	0	0	0	0	0.171	0.171
CEBPA	ETS1	9606.ENSP00000427514	9606.ENSP00000376436	0	0	0	0	0.062	0.058	0.900	0.840	0.984
CEBPA	IRF7	9606.ENSP00000427514	9606.ENSP00000380697	0	0	0	0	0.076	0	0	0.203	0.232
CEBPA	ESRRA	9606.ENSP00000427514	9606.ENSP00000384851	0	0	0	0	0.098	0.069	0	0.216	0.284
CEBPA	EOMES	9606.ENSP00000427514	9606.ENSP00000388620	0	0	0	0	0	0.062	0	0.135	0.153
CEBPA	PTPRC	9606.ENSP00000427514	9606.ENSP00000411355	0	0	0	0	0.089	0	0	0.460	0.487
CEBPA	IL10	9606.ENSP00000427514	9606.ENSP00000412237	0	0	0	0	0	0.289	0	0.342	0.512
CEBPA	CUL2	9606.ENSP00000427514	9606.ENSP00000444856	0	0	0	0	0	0	0	0.197	0.197
CEBPA	ITGAX	9606.ENSP00000427514	9606.ENSP00000454623	0	0	0	0	0.085	0.061	0	0.294	0.340
CEBPA	FGF21	9606.ENSP00000427514	9606.ENSP00000471477	0	0	0	0	0.062	0	0	0.390	0.403
CLNK	IKZF1	9606.ENSP00000226951	9606.ENSP00000331614	0	0	0	0	0	0	0	0.158	0.158
CLNK	TNFRSF11A	9606.ENSP00000226951	9606.ENSP00000465500	0	0	0	0	0	0	0	0.163	0.163
CLNK	IL12B	9606.ENSP00000226951	9606.ENSP00000231228	0	0	0	0	0	0	0	0.167	0.167
CLNK	P4HA2	9606.ENSP00000226951	9606.ENSP00000384999	0	0	0	0	0	0.170	0	0	0.169
CLNK	FCGR2A	9606.ENSP00000226951	9606.ENSP00000271450	0	0	0	0	0.049	0	0	0.176	0.182
CLNK	SYK	9606.ENSP00000226951	9606.ENSP00000364907	0	0	0	0	0.062	0.056	0	0.161	0.192
CLNK	NRROS	9606.ENSP00000226951	9606.ENSP00000328625	0	0	0	0	0	0	0	0.210	0.210
CLNK	TICAM1	9606.ENSP00000226951	9606.ENSP00000248244	0	0	0	0	0	0	0	0.210	0.210
CLNK	PTPN22	9606.ENSP00000226951	9606.ENSP00000352833	0	0	0	0	0	0	0	0.234	0.234
CLNK	GRB2	9606.ENSP00000226951	9606.ENSP00000376345	0	0	0	0	0	0.295	0	0.113	0.348
CLNK	IKZF4	9606.ENSP00000226951	9606.ENSP00000262032	0	0	0	0	0	0	0	0.396	0.396
CTLA4	CX3CL1	9606.ENSP00000303939	9606.ENSP00000006053	0	0	0	0	0.064	0	0	0.358	0.373
CTLA4	ICAM3	9606.ENSP00000303939	9606.ENSP00000160262	0	0	0	0	0.085	0	0	0.324	0.355
CTLA4	KEAP1	9606.ENSP00000303939	9606.ENSP00000171111	0	0	0	0	0	0	0	0.164	0.163
CTLA4	FAP	9606.ENSP00000303939	9606.ENSP00000188790	0	0	0	0	0	0	0	0.243	0.243
CTLA4	SLC22A4	9606.ENSP00000303939	9606.ENSP00000200652	0	0	0	0	0.059	0	0	0.208	0.222
CTLA4	HMOX1	9606.ENSP00000303939	9606.ENSP00000216117	0	0	0	0	0	0	0	0.290	0.290
CTLA4	IL2RB	9606.ENSP00000303939	9606.ENSP00000216223	0	0	0	0	0.157	0	0	0.654	0.696
CTLA4	CTSH	9606.ENSP00000303939	9606.ENSP00000220166	0	0	0	0	0	0	0	0.193	0.193
CTLA4	PIK3R2	9606.ENSP00000303939	9606.ENSP00000222254	0	0	0	0	0	0.057	0	0.167	0.180
CTLA4	RPS6KB1	9606.ENSP00000303939	9606.ENSP00000225577	0	0	0	0	0	0	0	0.341	0.341
CTLA4	IL4	9606.ENSP00000303939	9606.ENSP00000231449	0	0	0	0	0.065	0	0	0.859	0.862
CTLA4	IL1RL1	9606.ENSP00000303939	9606.ENSP00000233954	0	0	0	0	0	0	0	0.341	0.341
CTLA4	LRP1	9606.ENSP00000303939	9606.ENSP00000243077	0	0	0	0	0	0	0	0.279	0.279
CTLA4	IRF1	9606.ENSP00000303939	9606.ENSP00000245414	0	0	0	0	0.069	0	0	0.460	0.475
CTLA4	TICAM1	9606.ENSP00000303939	9606.ENSP00000248244	0	0	0	0	0	0	0	0.167	0.167
CTLA4	LIF	9606.ENSP00000303939	9606.ENSP00000249075	0	0	0	0	0.063	0	0	0.202	0.220
CTLA4	IKZF4	9606.ENSP00000303939	9606.ENSP00000262032	0	0	0	0	0	0	0	0.467	0.467
CTLA4	IL12RB2	9606.ENSP00000303939	9606.ENSP00000262345	0	0	0	0	0.063	0	0	0.459	0.471
CTLA4	IL18RAP	9606.ENSP00000303939	9606.ENSP00000264260	0	0	0	0	0.099	0	0	0.346	0.385
CTLA4	IL21	9606.ENSP00000303939	9606.ENSP00000264497	0	0	0	0	0.065	0	0	0.478	0.491
CTLA4	KIAA1109	9606.ENSP00000303939	9606.ENSP00000264501	0	0	0	0	0	0	0	0.270	0.270
CTLA4	STAT3	9606.ENSP00000303939	9606.ENSP00000264657	0	0	0	0	0	0	0	0.685	0.685
CTLA4	FOSL2	9606.ENSP00000303939	9606.ENSP00000264716	0	0	0	0	0.065	0.077	0	0.194	0.243
CTLA4	PRDX5	9606.ENSP00000303939	9606.ENSP00000265462	0	0	0	0	0	0	0	0.291	0.290
CTLA4	ERBB3	9606.ENSP00000303939	9606.ENSP00000267101	0	0	0	0	0.062	0	0	0.361	0.374
CTLA4	IRF8	9606.ENSP00000303939	9606.ENSP00000268638	0	0	0	0	0.088	0	0	0.394	0.423
CTLA4	FCGR2A	9606.ENSP00000303939	9606.ENSP00000271450	0	0	0	0	0.067	0	0	0.712	0.720
CTLA4	FADS2	9606.ENSP00000303939	9606.ENSP00000278840	0	0	0	0	0	0	0	0.154	0.154
CTLA4	SAMSN1	9606.ENSP00000303939	9606.ENSP00000285670	0	0	0	0	0.139	0	0	0.086	0.179
CTLA4	MED7	9606.ENSP00000303939	9606.ENSP00000286317	0	0	0	0	0	0	0	0.369	0.369
CTLA4	IFNGR2	9606.ENSP00000303939	9606.ENSP00000290219	0	0	0	0	0	0	0	0.260	0.260
CTLA4	CXCR5	9606.ENSP00000303939	9606.ENSP00000292174	0	0	0	0	0.062	0	0	0.700	0.706
CTLA4	CXCR1	9606.ENSP00000303939	9606.ENSP00000295683	0	0	0	0	0.076	0	0	0.324	0.348
CTLA4	RETNLB	9606.ENSP00000303939	9606.ENSP00000295755	0	0	0	0	0	0	0	0.210	0.210
CTLA4	TRAT1	9606.ENSP00000303939	9606.ENSP00000295756	0	0	0	0	0.191	0	0	0.852	0.875
CTLA4	CXCL3	9606.ENSP00000303939	9606.ENSP00000296026	0	0	0	0	0	0	0	0.218	0.218
CTLA4	CXCL5	9606.ENSP00000303939	9606.ENSP00000296027	0	0	0	0	0.062	0	0	0.325	0.339
CTLA4	PPBP	9606.ENSP00000303939	9606.ENSP00000296028	0	0	0	0	0.062	0	0	0.365	0.378
CTLA4	PF4	9606.ENSP00000303939	9606.ENSP00000296029	0	0	0	0	0	0	0	0.184	0.183
CTLA4	IL22RA2	9606.ENSP00000303939	9606.ENSP00000296980	0	0	0	0	0	0	0	0.190	0.190
CTLA4	STAT6	9606.ENSP00000303939	9606.ENSP00000300134	0	0	0	0	0.063	0	0	0.691	0.698
CTLA4	NOD2	9606.ENSP00000303939	9606.ENSP00000300589	0	0	0	0	0.094	0	0	0.420	0.452
CTLA4	IL16	9606.ENSP00000303939	9606.ENSP00000302935	0	0	0	0	0.081	0	0	0.344	0.371
CTLA4	IL12A	9606.ENSP00000303939	9606.ENSP00000303231	0	0	0	0	0	0	0	0.171	0.171
CTLA4	IRGM	9606.ENSP00000303939	9606.ENSP00000428220	0	0	0	0	0	0	0	0.167	0.167
CTLA4	GSDMB	9606.ENSP00000303939	9606.ENSP00000415049	0	0	0	0	0	0	0	0.182	0.182
CTLA4	IFI30	9606.ENSP00000303939	9606.ENSP00000384886	0	0	0	0	0.062	0	0	0.166	0.184
CTLA4	SERINC3	9606.ENSP00000303939	9606.ENSP00000340243	0	0	0	0	0	0	0	0.198	0.198
CTLA4	RASAL3	9606.ENSP00000303939	9606.ENSP00000341905	0	0	0	0	0.139	0	0	0.107	0.198
CTLA4	HP	9606.ENSP00000303939	9606.ENSP00000348170	0	0	0	0	0	0	0	0.202	0.202
CTLA4	TNIP1	9606.ENSP00000303939	9606.ENSP00000317891	0	0	0	0	0	0	0	0.204	0.204
CTLA4	TNFRSF11A	9606.ENSP00000303939	9606.ENSP00000465500	0	0	0	0	0	0	0	0.210	0.210
CTLA4	FUT2	9606.ENSP00000303939	9606.ENSP00000387498	0	0	0	0	0.065	0	0	0.194	0.214
CTLA4	ORMDL3	9606.ENSP00000303939	9606.ENSP00000377724	0	0	0	0	0	0	0	0.216	0.216
CTLA4	THEMIS	9606.ENSP00000303939	9606.ENSP00000357231	0	0	0	0	0.112	0	0	0.167	0.229
CTLA4	IL19	9606.ENSP00000303939	9606.ENSP00000343000	0	0	0	0	0	0	0	0.244	0.243
CTLA4	DNASE1	9606.ENSP00000303939	9606.ENSP00000385905	0	0	0	0	0	0	0	0.262	0.262
CTLA4	PRKCB	9606.ENSP00000303939	9606.ENSP00000305355	0	0	0	0	0.064	0	0	0.248	0.266
CTLA4	TGFBR1	9606.ENSP00000303939	9606.ENSP00000364133	0	0	0	0	0	0.056	0	0.277	0.288
CTLA4	ETS1	9606.ENSP00000303939	9606.ENSP00000376436	0	0	0	0	0.073	0	0	0.293	0.316
CTLA4	RGS1	9606.ENSP00000303939	9606.ENSP00000356429	0	0	0	0	0.086	0	0	0.286	0.319
CTLA4	TNFSF14	9606.ENSP00000303939	9606.ENSP00000469049	0	0	0	0	0.062	0	0	0.339	0.353
CTLA4	TNFSF15	9606.ENSP00000303939	9606.ENSP00000363157	0	0	0	0	0	0	0	0.358	0.358
CTLA4	IKZF3	9606.ENSP00000303939	9606.ENSP00000344544	0	0	0	0	0.109	0	0	0.337	0.384
CTLA4	IRF7	9606.ENSP00000303939	9606.ENSP00000380697	0	0	0	0	0	0	0	0.391	0.390
CTLA4	PADI4	9606.ENSP00000303939	9606.ENSP00000364597	0	0	0	0	0	0	0	0.408	0.408
CTLA4	TGFBR2	9606.ENSP00000303939	9606.ENSP00000351905	0	0	0	0	0	0.056	0	0.404	0.413
CTLA4	FOS	9606.ENSP00000303939	9606.ENSP00000306245	0	0	0	0	0	0.077	0	0.392	0.414
CTLA4	IRF5	9606.ENSP00000303939	9606.ENSP00000349770	0	0	0	0	0	0	0	0.423	0.422
CTLA4	TAGAP	9606.ENSP00000303939	9606.ENSP00000356033	0	0	0	0	0.114	0	0	0.391	0.437
CTLA4	MMP9	9606.ENSP00000303939	9606.ENSP00000361405	0	0	0	0	0.085	0	0	0.413	0.440
CTLA4	IL18R1	9606.ENSP00000303939	9606.ENSP00000387211	0	0	0	0	0.064	0	0	0.427	0.440
CTLA4	CXCR2	9606.ENSP00000303939	9606.ENSP00000319635	0	0	0	0	0	0	0	0.452	0.452
CTLA4	TCF7	9606.ENSP00000303939	9606.ENSP00000340347	0	0	0	0	0.072	0	0	0.459	0.476
CTLA4	TRAF1	9606.ENSP00000303939	9606.ENSP00000362994	0	0	0	0	0.088	0	0	0.466	0.492
CTLA4	MALT1	9606.ENSP00000303939	9606.ENSP00000319279	0	0	0	0	0	0	0	0.503	0.503
CTLA4	TSLP	9606.ENSP00000303939	9606.ENSP00000339804	0	0	0	0	0	0	0	0.505	0.505
CTLA4	IKZF1	9606.ENSP00000303939	9606.ENSP00000331614	0	0	0	0	0.134	0	0	0.467	0.519
CTLA4	MUC1	9606.ENSP00000303939	9606.ENSP00000484824	0	0	0	0	0	0	0	0.519	0.519
CTLA4	SYK	9606.ENSP00000303939	9606.ENSP00000364907	0	0	0	0	0.064	0.056	0	0.518	0.536
CTLA4	FCRL3	9606.ENSP00000303939	9606.ENSP00000357167	0	0	0	0	0.085	0	0	0.517	0.539
CTLA4	PVR	9606.ENSP00000303939	9606.ENSP00000402060	0	0	0	0	0	0	0	0.548	0.548
CTLA4	IL23R	9606.ENSP00000303939	9606.ENSP00000321345	0	0	0	0	0	0	0	0.594	0.594
CTLA4	JAK2	9606.ENSP00000303939	9606.ENSP00000371067	0	0	0	0	0	0.281	0	0.504	0.628
CTLA4	EOMES	9606.ENSP00000303939	9606.ENSP00000388620	0	0	0	0	0	0	0	0.636	0.636
CTLA4	TNFRSF14	9606.ENSP00000303939	9606.ENSP00000347948	0	0	0	0	0.088	0	0	0.637	0.655
CTLA4	FASLG	9606.ENSP00000303939	9606.ENSP00000356694	0	0	0	0	0.088	0	0	0.686	0.701
CTLA4	PMEL	9606.ENSP00000303939	9606.ENSP00000402758	0	0	0	0	0	0	0	0.710	0.710
CTLA4	GATA3	9606.ENSP00000303939	9606.ENSP00000368632	0	0	0	0	0	0	0	0.712	0.712
CTLA4	IL13	9606.ENSP00000303939	9606.ENSP00000304915	0	0	0	0	0.062	0	0	0.720	0.726
CTLA4	FCGR3A	9606.ENSP00000303939	9606.ENSP00000356946	0	0	0	0	0.088	0	0	0.720	0.733
CTLA4	PTPN22	9606.ENSP00000303939	9606.ENSP00000352833	0	0	0	0	0.097	0	0	0.753	0.767
CTLA4	IL2RA	9606.ENSP00000303939	9606.ENSP00000369293	0	0	0	0	0.126	0	0	0.753	0.775
CTLA4	IL7R	9606.ENSP00000303939	9606.ENSP00000306157	0	0	0	0	0.100	0	0	0.803	0.815
CTLA4	PTPRC	9606.ENSP00000303939	9606.ENSP00000411355	0	0	0	0	0.140	0	0	0.808	0.828
CTLA4	HAVCR2	9606.ENSP00000303939	9606.ENSP00000312002	0	0	0	0	0.105	0	0	0.858	0.867
CTLA4	IL10	9606.ENSP00000303939	9606.ENSP00000412237	0	0	0	0	0.062	0	0	0.873	0.876
CTLA4	ITGAX	9606.ENSP00000303939	9606.ENSP00000454623	0	0	0	0	0.077	0	0.720	0.743	0.927
CTLA4	ITK	9606.ENSP00000303939	9606.ENSP00000398655	0	0	0	0	0.136	0.056	0	0.932	0.940
CTLA4	ITGA4	9606.ENSP00000303939	9606.ENSP00000380227	0	0	0	0	0.070	0	0.900	0.739	0.973
CTLA4	GRB2	9606.ENSP00000303939	9606.ENSP00000376345	0	0	0	0	0.062	0	0	0.988	0.988
CTRB1	HMOX1	9606.ENSP00000354294	9606.ENSP00000216117	0	0	0	0	0	0	0	0.156	0.156
CTRB1	CTSH	9606.ENSP00000354294	9606.ENSP00000220166	0	0	0	0	0	0	0	0.207	0.207
CTRB1	HNF1A	9606.ENSP00000354294	9606.ENSP00000257555	0	0	0	0	0	0	0	0.182	0.182
CTRB1	ERBB3	9606.ENSP00000354294	9606.ENSP00000267101	0	0	0	0	0	0	0	0.161	0.161
CTRB1	GSDMA	9606.ENSP00000354294	9606.ENSP00000301659	0	0	0	0	0	0	0	0.243	0.242
CTRB1	CTRB2	9606.ENSP00000354294	9606.ENSP00000303963	0	0	0.449	0.985	0.520	0.229	0.800	0.805	0.920
CTRB1	HORMAD2	9606.ENSP00000354294	9606.ENSP00000336984	0	0	0	0	0	0.159	0	0.322	0.405
CTRB1	HP	9606.ENSP00000354294	9606.ENSP00000348170	0	0	0.381	0.690	0	0	0	0.120	0.168
CTRB1	PTPN22	9606.ENSP00000354294	9606.ENSP00000352833	0	0	0	0	0	0.056	0	0.211	0.223
CTRB1	DNASE1	9606.ENSP00000354294	9606.ENSP00000385905	0	0	0	0	0.064	0	0	0.138	0.158
CTRB1	KIF21B	9606.ENSP00000354294	9606.ENSP00000411831	0	0	0	0	0	0.160	0	0	0.159
CTRB1	GSDMB	9606.ENSP00000354294	9606.ENSP00000415049	0	0	0	0	0	0	0	0.167	0.167
CTRB1	ORMDL3	9606.ENSP00000354294	9606.ENSP00000377724	0	0	0	0	0	0	0	0.188	0.188
CTRB1	MMP9	9606.ENSP00000354294	9606.ENSP00000361405	0	0	0	0	0	0	0.900	0.067	0.902
CTRB2	CTSH	9606.ENSP00000303963	9606.ENSP00000220166	0	0	0	0	0	0	0	0.213	0.213
CTRB2	HHEX	9606.ENSP00000303963	9606.ENSP00000282728	0	0	0	0	0	0	0	0.176	0.175
CTRB2	HPR	9606.ENSP00000303963	9606.ENSP00000441828	0	0	0.367	0.658	0	0	0	0	0.152
CTRB2	HP	9606.ENSP00000303963	9606.ENSP00000348170	0	0	0.379	0.679	0	0	0	0.053	0.152
CTRB2	HORMAD2	9606.ENSP00000303963	9606.ENSP00000336984	0	0	0	0	0	0.159	0	0	0.158
CTRB2	DNASE1	9606.ENSP00000303963	9606.ENSP00000385905	0	0	0	0	0.064	0	0	0.138	0.158
CTRB2	KIF21B	9606.ENSP00000303963	9606.ENSP00000411831	0	0	0	0	0	0.160	0	0	0.159
CTRB2	ORMDL3	9606.ENSP00000303963	9606.ENSP00000377724	0	0	0	0	0	0	0	0.162	0.162
CTRB2	PTPN22	9606.ENSP00000303963	9606.ENSP00000352833	0	0	0	0	0	0.056	0	0.211	0.223
CTRB2	GSDMB	9606.ENSP00000303963	9606.ENSP00000415049	0	0	0	0	0	0	0	0.243	0.242
CTSH	FUT2	9606.ENSP00000220166	9606.ENSP00000387498	0	0	0	0	0	0	0	0.153	0.153
CTSH	HSPA6	9606.ENSP00000220166	9606.ENSP00000310219	0	0	0	0	0.087	0.100	0	0.063	0.162
CTSH	IL10	9606.ENSP00000220166	9606.ENSP00000412237	0	0	0	0	0	0	0	0.163	0.163
CTSH	IL23R	9606.ENSP00000220166	9606.ENSP00000321345	0	0	0	0	0	0	0	0.165	0.165
CTSH	RPS26	9606.ENSP00000220166	9606.ENSP00000348849	0	0	0	0	0.061	0	0	0.150	0.167
CTSH	IKZF3	9606.ENSP00000220166	9606.ENSP00000344544	0	0	0	0	0	0.101	0	0.120	0.175
CTSH	SLC7A10	9606.ENSP00000220166	9606.ENSP00000253188	0	0	0	0	0	0	0	0.175	0.175
CTSH	FCGR3A	9606.ENSP00000220166	9606.ENSP00000356946	0	0	0	0	0.107	0	0	0.115	0.177
CTSH	IKZF4	9606.ENSP00000220166	9606.ENSP00000262032	0	0	0	0	0	0.101	0	0.123	0.177
CTSH	IL18RAP	9606.ENSP00000220166	9606.ENSP00000264260	0	0	0	0	0	0	0	0.181	0.181
CTSH	ITLN1	9606.ENSP00000220166	9606.ENSP00000323587	0	0	0	0	0	0	0	0.191	0.191
CTSH	SESN3	9606.ENSP00000220166	9606.ENSP00000441927	0	0	0	0	0.062	0	0	0.177	0.195
CTSH	IL2RA	9606.ENSP00000220166	9606.ENSP00000369293	0	0	0	0	0	0	0	0.197	0.197
CTSH	ZFP36L1	9606.ENSP00000220166	9606.ENSP00000388402	0	0	0	0	0.079	0.154	0	0.056	0.201
CTSH	IL18R1	9606.ENSP00000220166	9606.ENSP00000387211	0	0	0	0	0	0	0	0.213	0.213
CTSH	MMP9	9606.ENSP00000220166	9606.ENSP00000361405	0	0	0	0	0.076	0	0	0.209	0.238
CTSH	IRF8	9606.ENSP00000220166	9606.ENSP00000268638	0	0	0	0	0.147	0	0	0.168	0.260
CTSH	HCRT	9606.ENSP00000220166	9606.ENSP00000293330	0	0	0	0	0	0	0	0.270	0.270
CTSH	RETNLB	9606.ENSP00000220166	9606.ENSP00000295755	0	0	0	0	0	0	0	0.319	0.319
CTSH	RGS1	9606.ENSP00000220166	9606.ENSP00000356429	0	0	0	0	0.086	0.078	0	0.260	0.322
CTSH	PTPN22	9606.ENSP00000220166	9606.ENSP00000352833	0	0	0	0	0	0	0	0.324	0.323
CTSH	PRDX5	9606.ENSP00000220166	9606.ENSP00000265462	0	0	0	0	0.049	0	0	0.332	0.337
CTSH	ERBB3	9606.ENSP00000220166	9606.ENSP00000267101	0	0	0	0	0.062	0	0	0.325	0.339
CTSH	P4HA2	9606.ENSP00000220166	9606.ENSP00000384999	0	0	0	0	0.064	0	0	0.351	0.367
CTSH	IRGM	9606.ENSP00000220166	9606.ENSP00000428220	0	0	0	0	0	0	0	0.398	0.398
CTSH	SSTR3	9606.ENSP00000220166	9606.ENSP00000480971	0	0	0	0	0	0	0	0.398	0.398
CTSH	IL19	9606.ENSP00000220166	9606.ENSP00000343000	0	0	0	0	0	0	0	0.416	0.416
CTSH	IFI30	9606.ENSP00000220166	9606.ENSP00000384886	0	0	0	0	0.194	0	0	0.350	0.454
CTSH	TAGAP	9606.ENSP00000220166	9606.ENSP00000356033	0	0	0	0	0.097	0	0	0.457	0.488
CUL2	KEAP1	9606.ENSP00000444856	9606.ENSP00000171111	0	0	0	0	0.062	0.349	0	0.355	0.572
CUL2	PIK3R2	9606.ENSP00000444856	9606.ENSP00000222254	0	0	0	0	0	0.062	0	0.162	0.180
CUL2	RPS6KB1	9606.ENSP00000444856	9606.ENSP00000225577	0	0	0	0	0.064	0.064	0	0.130	0.171
CUL2	KAT2A	9606.ENSP00000444856	9606.ENSP00000225916	0	0	0	0	0.063	0.326	0	0.730	0.814
CUL2	NDFIP1	9606.ENSP00000444856	9606.ENSP00000253814	0	0	0	0	0	0	0	0.154	0.154
CUL2	IL18RAP	9606.ENSP00000444856	9606.ENSP00000264260	0	0	0	0	0	0	0	0.227	0.226
CUL2	STAT3	9606.ENSP00000444856	9606.ENSP00000264657	0	0	0	0	0.066	0	0	0.217	0.238
CUL2	FEM1A	9606.ENSP00000444856	9606.ENSP00000269856	0	0	0	0	0.062	0.371	0.600	0.611	0.896
CUL2	GNA12	9606.ENSP00000444856	9606.ENSP00000275364	0	0	0	0	0.110	0.059	0	0.074	0.157
CUL2	IFNGR2	9606.ENSP00000444856	9606.ENSP00000290219	0	0	0	0	0	0	0	0.225	0.225
CUL2	TRAT1	9606.ENSP00000444856	9606.ENSP00000295756	0	0	0	0	0	0	0	0.186	0.186
CUL2	OS9	9606.ENSP00000444856	9606.ENSP00000318165	0	0	0	0	0.064	0	0.360	0.054	0.384
CUL2	IL23R	9606.ENSP00000444856	9606.ENSP00000321345	0	0	0	0	0	0	0	0.166	0.165
CUL2	IKZF1	9606.ENSP00000444856	9606.ENSP00000331614	0	0	0	0	0.062	0.162	0	0.081	0.215
CUL2	PTPN22	9606.ENSP00000444856	9606.ENSP00000352833	0	0	0	0	0.062	0	0	0.174	0.192
CUL2	TRAF1	9606.ENSP00000444856	9606.ENSP00000362994	0	0	0	0	0.049	0.179	0	0.091	0.228
CUL2	JAK2	9606.ENSP00000444856	9606.ENSP00000371067	0	0	0	0	0.062	0.105	0	0.194	0.265
CUL2	PTTG1	9606.ENSP00000444856	9606.ENSP00000377536	0	0	0	0	0	0	0	0.158	0.158
CUL2	UBE2E2	9606.ENSP00000444856	9606.ENSP00000379931	0	0	0	0	0.062	0.183	0	0.175	0.312
CUL2	ESRRA	9606.ENSP00000444856	9606.ENSP00000384851	0	0	0	0	0	0.056	0	0.137	0.150
CUL2	IL18R1	9606.ENSP00000444856	9606.ENSP00000387211	0	0	0	0	0	0	0	0.181	0.181
CUL2	UBE2L3	9606.ENSP00000444856	9606.ENSP00000400906	0	0	0	0	0	0.183	0	0.241	0.353
CUL2	TRMT112	9606.ENSP00000444856	9606.ENSP00000438349	0	0	0	0	0	0.154	0	0	0.153
CUL2	POLR2E	9606.ENSP00000444856	9606.ENSP00000478303	0	0	0	0	0.042	0.147	0	0.057	0.162
CX3CL1	NOX4	9606.ENSP00000006053	9606.ENSP00000263317	0	0	0	0	0	0	0	0.155	0.154
CX3CL1	IL18R1	9606.ENSP00000006053	9606.ENSP00000387211	0	0	0	0	0	0	0	0.156	0.156
CX3CL1	TAGAP	9606.ENSP00000006053	9606.ENSP00000356033	0	0	0	0	0	0	0	0.158	0.158
CX3CL1	IRF5	9606.ENSP00000006053	9606.ENSP00000349770	0	0	0	0	0	0	0	0.173	0.173
CX3CL1	SYK	9606.ENSP00000006053	9606.ENSP00000364907	0	0	0	0	0	0	0	0.173	0.173
CX3CL1	TNFRSF14	9606.ENSP00000006053	9606.ENSP00000347948	0	0	0	0	0	0	0	0.173	0.173
CX3CL1	JAK2	9606.ENSP00000006053	9606.ENSP00000371067	0	0	0	0	0	0	0	0.177	0.177
CX3CL1	TH	9606.ENSP00000006053	9606.ENSP00000370571	0	0	0	0	0	0	0	0.181	0.181
CX3CL1	IL2RA	9606.ENSP00000006053	9606.ENSP00000369293	0	0	0	0	0	0	0	0.181	0.181
CX3CL1	IL2RB	9606.ENSP00000006053	9606.ENSP00000216223	0	0	0	0	0.063	0	0	0.161	0.181
CX3CL1	IL19	9606.ENSP00000006053	9606.ENSP00000343000	0	0	0	0	0	0	0	0.182	0.182
CX3CL1	FGF21	9606.ENSP00000006053	9606.ENSP00000471477	0	0	0	0	0	0	0	0.195	0.195
CX3CL1	IL22RA2	9606.ENSP00000006053	9606.ENSP00000296980	0	0	0	0	0	0	0	0.201	0.201
CX3CL1	ICAM5	9606.ENSP00000006053	9606.ENSP00000221980	0	0	0	0	0.065	0	0	0.187	0.207
CX3CL1	IL12B	9606.ENSP00000006053	9606.ENSP00000231228	0	0	0	0	0	0	0	0.208	0.208
CX3CL1	NOD2	9606.ENSP00000006053	9606.ENSP00000300589	0	0	0	0	0.062	0	0	0.191	0.209
CX3CL1	LIF	9606.ENSP00000006053	9606.ENSP00000249075	0	0	0	0	0	0	0	0.211	0.211
CX3CL1	TRAF1	9606.ENSP00000006053	9606.ENSP00000362994	0	0	0	0	0	0	0	0.213	0.213
CX3CL1	IL1RL1	9606.ENSP00000006053	9606.ENSP00000233954	0	0	0	0	0	0	0	0.214	0.214
CX3CL1	STAT6	9606.ENSP00000006053	9606.ENSP00000300134	0	0	0	0	0.062	0	0	0.199	0.217
CX3CL1	IRF7	9606.ENSP00000006053	9606.ENSP00000380697	0	0	0	0	0.062	0	0	0.201	0.218
CX3CL1	IL7R	9606.ENSP00000006053	9606.ENSP00000306157	0	0	0	0	0	0	0	0.218	0.218
CX3CL1	LRP1	9606.ENSP00000006053	9606.ENSP00000243077	0	0	0	0	0.062	0	0	0.212	0.229
CX3CL1	TGFBR1	9606.ENSP00000006053	9606.ENSP00000364133	0	0	0	0	0	0	0	0.230	0.230
CX3CL1	IRF8	9606.ENSP00000006053	9606.ENSP00000268638	0	0	0	0	0	0	0	0.236	0.236
CX3CL1	TNFSF15	9606.ENSP00000006053	9606.ENSP00000363157	0	0	0	0	0.062	0	0	0.221	0.238
CX3CL1	TNFSF14	9606.ENSP00000006053	9606.ENSP00000469049	0	0	0	0	0	0	0	0.239	0.239
CX3CL1	RETNLB	9606.ENSP00000006053	9606.ENSP00000295755	0	0	0	0	0	0	0	0.241	0.240
CX3CL1	TSLP	9606.ENSP00000006053	9606.ENSP00000339804	0	0	0	0	0	0	0	0.242	0.241
CX3CL1	HAVCR2	9606.ENSP00000006053	9606.ENSP00000312002	0	0	0	0	0	0	0	0.244	0.243
CX3CL1	SLC12A5	9606.ENSP00000006053	9606.ENSP00000387694	0	0	0	0	0.090	0	0	0.213	0.253
CX3CL1	FOS	9606.ENSP00000006053	9606.ENSP00000306245	0	0	0	0	0.062	0	0	0.244	0.261
CX3CL1	IRF1	9606.ENSP00000006053	9606.ENSP00000245414	0	0	0	0	0.062	0	0	0.265	0.281
CX3CL1	ICAM3	9606.ENSP00000006053	9606.ENSP00000160262	0	0	0	0	0.062	0	0	0.269	0.285
CX3CL1	HMOX1	9606.ENSP00000006053	9606.ENSP00000216117	0	0	0	0	0	0	0	0.294	0.294
CX3CL1	FCGR2A	9606.ENSP00000006053	9606.ENSP00000271450	0	0	0	0	0	0	0	0.298	0.298
CX3CL1	FASLG	9606.ENSP00000006053	9606.ENSP00000356694	0	0	0	0	0	0	0	0.310	0.309
CX3CL1	IL21	9606.ENSP00000006053	9606.ENSP00000264497	0	0	0	0	0	0	0	0.361	0.361
CX3CL1	IL12RB2	9606.ENSP00000006053	9606.ENSP00000262345	0	0	0	0	0	0	0	0.367	0.367
CX3CL1	ITGA4	9606.ENSP00000006053	9606.ENSP00000380227	0	0	0	0	0	0.270	0	0.234	0.416
CX3CL1	PPBP	9606.ENSP00000006053	9606.ENSP00000296028	0	0	0	0	0.059	0	0	0.445	0.456
CX3CL1	FCGR3A	9606.ENSP00000006053	9606.ENSP00000356946	0	0	0	0	0	0	0	0.470	0.470
CX3CL1	ITGAX	9606.ENSP00000006053	9606.ENSP00000454623	0	0	0	0	0.049	0	0	0.466	0.471
CX3CL1	IL16	9606.ENSP00000006053	9606.ENSP00000302935	0	0	0	0	0.062	0	0	0.462	0.474
CX3CL1	PF4	9606.ENSP00000006053	9606.ENSP00000296029	0	0	0	0	0	0	0	0.503	0.503
CX3CL1	MMP9	9606.ENSP00000006053	9606.ENSP00000361405	0	0	0	0	0	0	0	0.515	0.515
CX3CL1	STAT3	9606.ENSP00000006053	9606.ENSP00000264657	0	0	0	0	0	0.270	0	0.368	0.519
CX3CL1	PTPRC	9606.ENSP00000006053	9606.ENSP00000411355	0	0	0	0	0	0	0	0.520	0.520
CX3CL1	CXCL3	9606.ENSP00000006053	9606.ENSP00000296026	0	0	0	0	0.062	0	0	0.537	0.547
CX3CL1	IL13	9606.ENSP00000006053	9606.ENSP00000304915	0	0	0	0	0	0	0	0.628	0.628
CX3CL1	CXCL5	9606.ENSP00000006053	9606.ENSP00000296027	0	0	0	0	0.062	0	0	0.638	0.646
CX3CL1	IL4	9606.ENSP00000006053	9606.ENSP00000231449	0	0	0	0	0.063	0	0	0.650	0.658
CX3CL1	IL10	9606.ENSP00000006053	9606.ENSP00000412237	0	0	0	0	0	0	0	0.689	0.689
CX3CL1	CXCR5	9606.ENSP00000006053	9606.ENSP00000292174	0	0	0	0	0	0	0.600	0.415	0.756
CX3CL1	CXCR2	9606.ENSP00000006053	9606.ENSP00000319635	0	0	0	0	0	0	0.600	0.690	0.870
CX3CL1	CXCR1	9606.ENSP00000006053	9606.ENSP00000295683	0	0	0	0	0	0	0.600	0.870	0.945
CXCL3	HMOX1	9606.ENSP00000296026	9606.ENSP00000216117	0	0	0	0	0.076	0	0	0.244	0.271
CXCL3	IL12B	9606.ENSP00000296026	9606.ENSP00000231228	0	0	0	0	0.062	0	0	0.321	0.336
CXCL3	IL4	9606.ENSP00000296026	9606.ENSP00000231449	0	0	0	0	0	0	0	0.463	0.463
CXCL3	IL1RL1	9606.ENSP00000296026	9606.ENSP00000233954	0	0	0	0	0.062	0	0	0.218	0.235
CXCL3	IRF1	9606.ENSP00000296026	9606.ENSP00000245414	0	0	0	0	0.102	0	0	0.341	0.383
CXCL3	LIF	9606.ENSP00000296026	9606.ENSP00000249075	0	0	0	0	0.161	0	0	0.221	0.319
CXCL3	DHX58	9606.ENSP00000296026	9606.ENSP00000251642	0	0	0	0	0.082	0	0	0.139	0.176
CXCL3	STAT3	9606.ENSP00000296026	9606.ENSP00000264657	0	0	0	0	0.064	0	0	0.410	0.424
CXCL3	IRF8	9606.ENSP00000296026	9606.ENSP00000268638	0	0	0	0	0.051	0	0	0.167	0.175
CXCL3	CXCR5	9606.ENSP00000296026	9606.ENSP00000292174	0	0	0	0	0.062	0	0.600	0.345	0.733
CXCL3	CXCR1	9606.ENSP00000296026	9606.ENSP00000295683	0	0	0	0	0.062	0.213	0.800	0.665	0.944
CXCL3	FCGR3A	9606.ENSP00000296026	9606.ENSP00000356946	0	0	0	0	0	0	0	0.165	0.165
CXCL3	FASLG	9606.ENSP00000296026	9606.ENSP00000356694	0	0	0	0	0.062	0	0	0.150	0.168
CXCL3	STAT6	9606.ENSP00000296026	9606.ENSP00000300134	0	0	0	0	0.053	0	0	0.159	0.169
CXCL3	IRF5	9606.ENSP00000296026	9606.ENSP00000349770	0	0	0	0	0.055	0	0	0.160	0.172
CXCL3	RGS1	9606.ENSP00000296026	9606.ENSP00000356429	0	0	0	0	0.090	0	0	0.150	0.193
CXCL3	ICAM4	9606.ENSP00000296026	9606.ENSP00000342114	0	0	0	0	0	0	0	0.194	0.194
CXCL3	TRAF1	9606.ENSP00000296026	9606.ENSP00000362994	0	0	0	0	0.089	0	0	0.158	0.201
CXCL3	IL16	9606.ENSP00000296026	9606.ENSP00000302935	0	0	0	0	0.062	0	0	0.215	0.232
CXCL3	IL18R1	9606.ENSP00000296026	9606.ENSP00000387211	0	0	0	0	0	0	0	0.233	0.232
CXCL3	JAK2	9606.ENSP00000296026	9606.ENSP00000371067	0	0	0	0	0	0	0	0.242	0.242
CXCL3	IL23R	9606.ENSP00000296026	9606.ENSP00000321345	0	0	0	0	0	0	0	0.261	0.261
CXCL3	FOS	9606.ENSP00000296026	9606.ENSP00000306245	0	0	0	0	0	0	0	0.283	0.283
CXCL3	ITGAX	9606.ENSP00000296026	9606.ENSP00000454623	0	0	0	0	0.062	0	0	0.269	0.285
CXCL3	TNFSF14	9606.ENSP00000296026	9606.ENSP00000469049	0	0	0	0	0.049	0	0	0.293	0.299
CXCL3	TNFSF15	9606.ENSP00000296026	9606.ENSP00000363157	0	0	0	0	0.062	0	0	0.284	0.300
CXCL3	IL19	9606.ENSP00000296026	9606.ENSP00000343000	0	0	0	0	0	0	0	0.305	0.305
CXCL3	NOD2	9606.ENSP00000296026	9606.ENSP00000300589	0	0	0	0	0.084	0	0	0.277	0.309
CXCL3	IRF7	9606.ENSP00000296026	9606.ENSP00000380697	0	0	0	0	0.065	0	0	0.324	0.340
CXCL3	PLAU	9606.ENSP00000296026	9606.ENSP00000361850	0	0	0	0	0.140	0	0	0.281	0.356
CXCL3	PTPRC	9606.ENSP00000296026	9606.ENSP00000411355	0	0	0	0	0.062	0	0	0.354	0.368
CXCL3	PPBP	9606.ENSP00000296026	9606.ENSP00000296028	0	0	0	0.890	0.078	0	0.300	0.778	0.383
CXCL3	IL7R	9606.ENSP00000296026	9606.ENSP00000306157	0	0	0	0	0.078	0	0	0.397	0.420
CXCL3	IL13	9606.ENSP00000296026	9606.ENSP00000304915	0	0	0	0	0	0	0	0.449	0.449
CXCL3	TSLP	9606.ENSP00000296026	9606.ENSP00000339804	0	0	0	0	0.085	0	0	0.446	0.471
CXCL3	MMP9	9606.ENSP00000296026	9606.ENSP00000361405	0	0	0	0	0.121	0	0	0.501	0.543
CXCL3	PF4	9606.ENSP00000296026	9606.ENSP00000296029	0	0	0	0.862	0.088	0	0.500	0.769	0.574
CXCL3	CXCL5	9606.ENSP00000296026	9606.ENSP00000296027	0	0	0	0.902	0.409	0.280	0.300	0.851	0.703
CXCL3	IL10	9606.ENSP00000296026	9606.ENSP00000412237	0	0	0	0	0.065	0	0	0.744	0.750
CXCL3	CXCR2	9606.ENSP00000296026	9606.ENSP00000319635	0	0	0	0	0	0.270	0.800	0.991	0.998
CXCL5	HMOX1	9606.ENSP00000296027	9606.ENSP00000216117	0	0	0	0	0.068	0	0	0.311	0.330
CXCL5	IL2RB	9606.ENSP00000296027	9606.ENSP00000216223	0	0	0	0	0.062	0	0	0.146	0.165
CXCL5	IL12B	9606.ENSP00000296027	9606.ENSP00000231228	0	0	0	0	0.062	0	0	0.336	0.351
CXCL5	IL4	9606.ENSP00000296027	9606.ENSP00000231449	0	0	0	0	0	0	0	0.585	0.585
CXCL5	IL1RL1	9606.ENSP00000296027	9606.ENSP00000233954	0	0	0	0	0.063	0	0	0.189	0.208
CXCL5	IRF1	9606.ENSP00000296027	9606.ENSP00000245414	0	0	0	0	0.065	0	0	0.300	0.318
CXCL5	LIF	9606.ENSP00000296027	9606.ENSP00000249075	0	0	0	0	0.088	0	0	0.289	0.324
CXCL5	DHX58	9606.ENSP00000296027	9606.ENSP00000251642	0	0	0	0	0.062	0	0	0.131	0.150
CXCL5	IL21	9606.ENSP00000296027	9606.ENSP00000264497	0	0	0	0	0	0	0	0.308	0.308
CXCL5	STAT3	9606.ENSP00000296027	9606.ENSP00000264657	0	0	0	0	0.053	0	0	0.531	0.537
CXCL5	GPR65	9606.ENSP00000296027	9606.ENSP00000267549	0	0	0	0	0.062	0	0	0.139	0.158
CXCL5	FCGR2A	9606.ENSP00000296027	9606.ENSP00000271450	0	0	0	0	0	0	0	0.225	0.225
CXCL5	GNA12	9606.ENSP00000296027	9606.ENSP00000275364	0	0	0	0	0	0	0	0.160	0.159
CXCL5	CXCR5	9606.ENSP00000296027	9606.ENSP00000292174	0	0	0	0	0.062	0	0.600	0.404	0.756
CXCL5	CXCR1	9606.ENSP00000296027	9606.ENSP00000295683	0	0	0	0	0.086	0.463	0.800	0.905	0.989
CXCL5	FGF21	9606.ENSP00000296027	9606.ENSP00000471477	0	0	0	0	0	0	0	0.152	0.152
CXCL5	ITGA4	9606.ENSP00000296027	9606.ENSP00000380227	0	0	0	0	0	0	0	0.154	0.153
CXCL5	ETS1	9606.ENSP00000296027	9606.ENSP00000376436	0	0	0	0	0.049	0	0	0.155	0.162
CXCL5	HAVCR2	9606.ENSP00000296027	9606.ENSP00000312002	0	0	0	0	0	0	0	0.166	0.165
CXCL5	GATA3	9606.ENSP00000296027	9606.ENSP00000368632	0	0	0	0	0	0	0	0.167	0.167
CXCL5	ICAM4	9606.ENSP00000296027	9606.ENSP00000342114	0	0	0	0	0	0	0	0.176	0.176
CXCL5	TGFBR1	9606.ENSP00000296027	9606.ENSP00000364133	0	0	0	0	0	0	0	0.181	0.181
CXCL5	TRAF1	9606.ENSP00000296027	9606.ENSP00000362994	0	0	0	0	0	0	0	0.193	0.193
CXCL5	TNIP1	9606.ENSP00000296027	9606.ENSP00000317891	0	0	0	0	0.062	0	0	0.181	0.199
CXCL5	PADI4	9606.ENSP00000296027	9606.ENSP00000364597	0	0	0	0	0	0	0	0.203	0.203
CXCL5	MUC1	9606.ENSP00000296027	9606.ENSP00000484824	0	0	0	0	0	0	0	0.207	0.207
CXCL5	IL2RA	9606.ENSP00000296027	9606.ENSP00000369293	0	0	0	0	0	0	0	0.208	0.208
CXCL5	TNFSF14	9606.ENSP00000296027	9606.ENSP00000469049	0	0	0	0	0	0	0	0.217	0.217
CXCL5	HP	9606.ENSP00000296027	9606.ENSP00000348170	0	0	0	0	0	0	0	0.217	0.217
CXCL5	TNFRSF14	9606.ENSP00000296027	9606.ENSP00000347948	0	0	0	0	0	0	0	0.219	0.219
CXCL5	SYK	9606.ENSP00000296027	9606.ENSP00000364907	0	0	0	0	0	0	0	0.226	0.226
CXCL5	IL18R1	9606.ENSP00000296027	9606.ENSP00000387211	0	0	0	0	0	0	0	0.231	0.231
CXCL5	FASLG	9606.ENSP00000296027	9606.ENSP00000356694	0	0	0	0	0	0	0	0.235	0.235
CXCL5	TGFBR2	9606.ENSP00000296027	9606.ENSP00000351905	0	0	0	0	0	0	0	0.252	0.252
CXCL5	IL23R	9606.ENSP00000296027	9606.ENSP00000321345	0	0	0	0	0	0	0	0.252	0.252
CXCL5	FCGR3A	9606.ENSP00000296027	9606.ENSP00000356946	0	0	0	0	0.070	0	0	0.233	0.256
CXCL5	JAK2	9606.ENSP00000296027	9606.ENSP00000371067	0	0	0	0	0	0	0	0.257	0.257
CXCL5	FOS	9606.ENSP00000296027	9606.ENSP00000306245	0	0	0	0	0	0	0	0.270	0.270
CXCL5	STAT6	9606.ENSP00000296027	9606.ENSP00000300134	0	0	0	0	0.053	0	0	0.261	0.270
CXCL5	PLAU	9606.ENSP00000296027	9606.ENSP00000361850	0	0	0	0	0.096	0	0	0.241	0.285
CXCL5	TNFSF15	9606.ENSP00000296027	9606.ENSP00000363157	0	0	0	0	0.062	0	0	0.302	0.317
CXCL5	IL19	9606.ENSP00000296027	9606.ENSP00000343000	0	0	0	0	0	0	0	0.333	0.333
CXCL5	NOD2	9606.ENSP00000296027	9606.ENSP00000300589	0	0	0	0	0.064	0	0	0.322	0.339
CXCL5	IRF7	9606.ENSP00000296027	9606.ENSP00000380697	0	0	0	0	0.065	0	0	0.340	0.356
CXCL5	ITGAX	9606.ENSP00000296027	9606.ENSP00000454623	0	0	0	0	0	0	0	0.373	0.373
CXCL5	IL7R	9606.ENSP00000296027	9606.ENSP00000306157	0	0	0	0	0.062	0	0	0.396	0.409
CXCL5	PTPRC	9606.ENSP00000296027	9606.ENSP00000411355	0	0	0	0	0	0	0	0.431	0.431
CXCL5	TSLP	9606.ENSP00000296027	9606.ENSP00000339804	0	0	0	0	0.062	0	0	0.442	0.454
CXCL5	IL16	9606.ENSP00000296027	9606.ENSP00000302935	0	0	0	0	0.062	0	0	0.518	0.528
CXCL5	PPBP	9606.ENSP00000296027	9606.ENSP00000296028	0	0	0	0.890	0.306	0	0.300	0.778	0.536
CXCL5	PF4	9606.ENSP00000296027	9606.ENSP00000296029	0	0	0	0.880	0.088	0	0.500	0.773	0.568
CXCL5	IL13	9606.ENSP00000296027	9606.ENSP00000304915	0	0	0	0	0	0	0	0.591	0.591
CXCL5	MMP9	9606.ENSP00000296027	9606.ENSP00000361405	0	0	0	0	0.134	0.463	0	0.637	0.816
CXCL5	IL10	9606.ENSP00000296027	9606.ENSP00000412237	0	0	0	0	0.062	0	0	0.814	0.818
CXCL5	CXCR2	9606.ENSP00000296027	9606.ENSP00000319635	0	0	0	0	0.063	0.463	0.800	0.995	0.999
CXCR1	ICAM3	9606.ENSP00000295683	9606.ENSP00000160262	0	0	0	0	0.087	0	0	0.184	0.223
CXCR1	IL2RB	9606.ENSP00000295683	9606.ENSP00000216223	0	0	0	0	0.088	0	0	0.261	0.297
CXCR1	IL4	9606.ENSP00000295683	9606.ENSP00000231449	0	0	0	0	0	0	0	0.458	0.457
CXCR1	IRF1	9606.ENSP00000295683	9606.ENSP00000245414	0	0	0	0	0.087	0	0	0.184	0.223
CXCR1	IL18RAP	9606.ENSP00000295683	9606.ENSP00000264260	0	0	0	0	0.327	0	0	0.134	0.392
CXCR1	STAT3	9606.ENSP00000295683	9606.ENSP00000264657	0	0	0	0	0	0.056	0	0.468	0.477
CXCR1	IRF8	9606.ENSP00000295683	9606.ENSP00000268638	0	0	0	0	0.111	0	0	0.108	0.173
CXCR1	FCGR2A	9606.ENSP00000295683	9606.ENSP00000271450	0	0	0	0	0.152	0	0	0.286	0.368
CXCR1	GNA12	9606.ENSP00000295683	9606.ENSP00000275364	0	0	0	0	0	0.151	0.600	0.114	0.672
CXCR1	CXCR5	9606.ENSP00000295683	9606.ENSP00000292174	0	0	0	0.847	0.054	0	0	0.786	0.166
CXCR1	PADI6	9606.ENSP00000295683	9606.ENSP00000483125	0	0	0	0	0.076	0	0	0.120	0.152
CXCR1	FOS	9606.ENSP00000295683	9606.ENSP00000306245	0	0	0	0	0	0	0	0.157	0.156
CXCR1	RETNLB	9606.ENSP00000295683	9606.ENSP00000295755	0	0	0	0	0.062	0	0	0.138	0.157
CXCR1	GATA3	9606.ENSP00000295683	9606.ENSP00000368632	0	0	0	0	0	0	0	0.157	0.157
CXCR1	IL23R	9606.ENSP00000295683	9606.ENSP00000321345	0	0	0	0	0	0	0	0.159	0.159
CXCR1	IRF5	9606.ENSP00000295683	9606.ENSP00000349770	0	0	0	0	0.070	0	0	0.134	0.160
CXCR1	HP	9606.ENSP00000295683	9606.ENSP00000348170	0	0	0	0	0.062	0.102	0	0.088	0.165
CXCR1	HSPA6	9606.ENSP00000295683	9606.ENSP00000310219	0	0	0	0	0.152	0.056	0	0	0.165
CXCR1	TGFBR1	9606.ENSP00000295683	9606.ENSP00000364133	0	0	0	0	0	0.056	0	0.155	0.168
CXCR1	TNFRSF14	9606.ENSP00000295683	9606.ENSP00000347948	0	0	0	0	0.076	0	0	0.139	0.170
CXCR1	PLAU	9606.ENSP00000295683	9606.ENSP00000361850	0	0	0	0	0	0.097	0	0.127	0.178
CXCR1	HAVCR2	9606.ENSP00000295683	9606.ENSP00000312002	0	0	0	0	0.069	0	0	0.155	0.179
CXCR1	TGFBR2	9606.ENSP00000295683	9606.ENSP00000351905	0	0	0	0	0	0.056	0	0.169	0.181
CXCR1	IRF7	9606.ENSP00000295683	9606.ENSP00000380697	0	0	0	0	0.070	0	0	0.155	0.181
CXCR1	TNFSF14	9606.ENSP00000295683	9606.ENSP00000469049	0	0	0	0	0.083	0	0	0.153	0.191
CXCR1	STAT6	9606.ENSP00000295683	9606.ENSP00000300134	0	0	0	0	0	0.056	0	0.184	0.196
CXCR1	PHOSPHO1	9606.ENSP00000295683	9606.ENSP00000406909	0	0	0	0	0.214	0	0	0	0.214
CXCR1	SYK	9606.ENSP00000295683	9606.ENSP00000364907	0	0	0	0	0.088	0.056	0	0.167	0.220
CXCR1	IL2RA	9606.ENSP00000295683	9606.ENSP00000369293	0	0	0	0	0.061	0	0	0.207	0.223
CXCR1	IL18R1	9606.ENSP00000295683	9606.ENSP00000387211	0	0	0	0	0.088	0	0	0.198	0.237
CXCR1	PADI4	9606.ENSP00000295683	9606.ENSP00000364597	0	0	0	0	0.161	0	0	0.156	0.261
CXCR1	ITGA4	9606.ENSP00000295683	9606.ENSP00000380227	0	0	0	0	0.061	0	0	0.250	0.265
CXCR1	IL7R	9606.ENSP00000295683	9606.ENSP00000306157	0	0	0	0	0.074	0	0	0.253	0.278
CXCR1	TAGAP	9606.ENSP00000295683	9606.ENSP00000356033	0	0	0	0	0.213	0	0	0.146	0.299
CXCR1	FASLG	9606.ENSP00000295683	9606.ENSP00000356694	0	0	0	0	0.076	0	0	0.277	0.303
CXCR1	NOD2	9606.ENSP00000295683	9606.ENSP00000300589	0	0	0	0	0.184	0	0	0.226	0.341
CXCR1	IL16	9606.ENSP00000295683	9606.ENSP00000302935	0	0	0	0	0.098	0.086	0	0.307	0.379
CXCR1	IL13	9606.ENSP00000295683	9606.ENSP00000304915	0	0	0	0	0	0	0	0.413	0.413
CXCR1	ITGAX	9606.ENSP00000295683	9606.ENSP00000454623	0	0	0	0	0.178	0	0	0.380	0.468
CXCR1	PTPRC	9606.ENSP00000295683	9606.ENSP00000411355	0	0	0	0	0.140	0	0	0.433	0.492
CXCR1	IL10	9606.ENSP00000295683	9606.ENSP00000412237	0	0	0	0	0	0	0	0.539	0.539
CXCR1	FCGR3A	9606.ENSP00000295683	9606.ENSP00000356946	0	0	0	0	0.332	0	0	0.459	0.623
CXCR1	GNAS	9606.ENSP00000295683	9606.ENSP00000360141	0	0	0	0	0	0.151	0.600	0.043	0.646
CXCR1	MMP9	9606.ENSP00000295683	9606.ENSP00000361405	0	0	0	0	0.140	0.057	0	0.621	0.666
CXCR1	JAK2	9606.ENSP00000295683	9606.ENSP00000371067	0	0	0	0	0	0.056	0.600	0.261	0.696
CXCR1	PF4	9606.ENSP00000295683	9606.ENSP00000296029	0	0	0	0	0.177	0	0.600	0.613	0.861
CXCR1	CXCR2	9606.ENSP00000295683	9606.ENSP00000319635	0	0	0	0.976	0.669	0.213	0.800	0.983	0.944
CXCR1	PPBP	9606.ENSP00000295683	9606.ENSP00000296028	0	0	0	0	0.214	0.463	0.600	0.854	0.972
CXCR2	ICAM3	9606.ENSP00000319635	9606.ENSP00000160262	0	0	0	0	0	0	0	0.195	0.195
CXCR2	HMOX1	9606.ENSP00000319635	9606.ENSP00000216117	0	0	0	0	0	0	0	0.206	0.206
CXCR2	IL2RB	9606.ENSP00000319635	9606.ENSP00000216223	0	0	0	0	0.066	0	0	0.251	0.270
CXCR2	IL4	9606.ENSP00000319635	9606.ENSP00000231449	0	0	0	0	0	0	0	0.522	0.522
CXCR2	IL1RL1	9606.ENSP00000319635	9606.ENSP00000233954	0	0	0	0	0	0	0	0.247	0.246
CXCR2	IRF1	9606.ENSP00000319635	9606.ENSP00000245414	0	0	0	0	0.076	0	0	0.204	0.233
CXCR2	LIF	9606.ENSP00000319635	9606.ENSP00000249075	0	0	0	0	0	0	0	0.183	0.183
CXCR2	IL12RB2	9606.ENSP00000319635	9606.ENSP00000262345	0	0	0	0	0	0	0	0.158	0.158
CXCR2	IL18RAP	9606.ENSP00000319635	9606.ENSP00000264260	0	0	0	0	0.179	0	0	0.143	0.266
CXCR2	STAT3	9606.ENSP00000319635	9606.ENSP00000264657	0	0	0	0	0	0.056	0	0.524	0.531
CXCR2	IRF8	9606.ENSP00000319635	9606.ENSP00000268638	0	0	0	0	0.080	0	0	0.181	0.214
CXCR2	FCGR2A	9606.ENSP00000319635	9606.ENSP00000271450	0	0	0	0	0.139	0	0	0.390	0.452
CXCR2	GNA12	9606.ENSP00000319635	9606.ENSP00000275364	0	0	0	0	0	0.151	0.600	0.121	0.675
CXCR2	CXCR5	9606.ENSP00000319635	9606.ENSP00000292174	0	0	0	0.863	0.062	0	0	0.795	0.163
CXCR2	RETNLB	9606.ENSP00000319635	9606.ENSP00000295755	0	0	0	0	0.062	0	0	0.202	0.219
CXCR2	PPBP	9606.ENSP00000319635	9606.ENSP00000296028	0	0	0	0	0.143	0.463	0.800	0.983	0.998
CXCR2	PF4	9606.ENSP00000319635	9606.ENSP00000296029	0	0	0	0	0.152	0	0.600	0.662	0.875
CXCR2	STAT6	9606.ENSP00000319635	9606.ENSP00000300134	0	0	0	0	0	0.056	0	0.253	0.264
CXCR2	NOD2	9606.ENSP00000319635	9606.ENSP00000300589	0	0	0	0	0.100	0	0	0.282	0.326
CXCR2	IL16	9606.ENSP00000319635	9606.ENSP00000302935	0	0	0	0	0.064	0.086	0	0.313	0.361
CXCR2	IL12A	9606.ENSP00000319635	9606.ENSP00000303231	0	0	0	0	0	0	0	0.162	0.162
CXCR2	IL13	9606.ENSP00000319635	9606.ENSP00000304915	0	0	0	0	0	0	0	0.508	0.508
CXCR2	IL7R	9606.ENSP00000319635	9606.ENSP00000306157	0	0	0	0	0.069	0	0	0.289	0.309
CXCR2	FOS	9606.ENSP00000319635	9606.ENSP00000306245	0	0	0	0	0	0	0	0.213	0.213
CXCR2	HAVCR2	9606.ENSP00000319635	9606.ENSP00000312002	0	0	0	0	0.072	0	0	0.268	0.291
CXCR2	RGS1	9606.ENSP00000319635	9606.ENSP00000356429	0	0	0	0	0	0.056	0	0.137	0.150
CXCR2	MUC1	9606.ENSP00000319635	9606.ENSP00000484824	0	0	0	0	0	0	0	0.155	0.154
CXCR2	TNFRSF14	9606.ENSP00000319635	9606.ENSP00000347948	0	0	0	0	0	0	0	0.155	0.155
CXCR2	IFI30	9606.ENSP00000319635	9606.ENSP00000384886	0	0	0	0	0.065	0	0	0.135	0.156
CXCR2	TAGAP	9606.ENSP00000319635	9606.ENSP00000356033	0	0	0	0	0.136	0	0	0.064	0.157
CXCR2	GPSM1	9606.ENSP00000319635	9606.ENSP00000392828	0	0	0	0	0	0	0	0.163	0.163
CXCR2	HP	9606.ENSP00000319635	9606.ENSP00000348170	0	0	0	0	0.052	0.102	0	0.097	0.164
CXCR2	IL23R	9606.ENSP00000319635	9606.ENSP00000321345	0	0	0	0	0	0	0	0.167	0.167
CXCR2	TNFSF14	9606.ENSP00000319635	9606.ENSP00000469049	0	0	0	0	0.099	0	0	0.134	0.187
CXCR2	IRF7	9606.ENSP00000319635	9606.ENSP00000380697	0	0	0	0	0.062	0	0	0.173	0.191
CXCR2	IL19	9606.ENSP00000319635	9606.ENSP00000343000	0	0	0	0	0	0	0	0.193	0.193
CXCR2	TGFBR1	9606.ENSP00000319635	9606.ENSP00000364133	0	0	0	0	0	0.056	0	0.182	0.194
CXCR2	PMEL	9606.ENSP00000319635	9606.ENSP00000402758	0	0	0	0	0	0	0	0.195	0.195
CXCR2	IRF5	9606.ENSP00000319635	9606.ENSP00000349770	0	0	0	0	0.061	0	0	0.194	0.210
CXCR2	GATA3	9606.ENSP00000319635	9606.ENSP00000368632	0	0	0	0	0	0	0	0.211	0.211
CXCR2	IL2RA	9606.ENSP00000319635	9606.ENSP00000369293	0	0	0	0	0	0	0	0.218	0.218
CXCR2	IL18R1	9606.ENSP00000319635	9606.ENSP00000387211	0	0	0	0	0.061	0	0	0.224	0.240
CXCR2	TSLP	9606.ENSP00000319635	9606.ENSP00000339804	0	0	0	0	0	0	0	0.260	0.260
CXCR2	PLAU	9606.ENSP00000319635	9606.ENSP00000361850	0	0	0	0	0	0.097	0	0.217	0.262
CXCR2	TGFBR2	9606.ENSP00000319635	9606.ENSP00000351905	0	0	0	0	0	0.056	0	0.252	0.264
CXCR2	FASLG	9606.ENSP00000319635	9606.ENSP00000356694	0	0	0	0	0.065	0	0	0.268	0.286
CXCR2	ITGA4	9606.ENSP00000319635	9606.ENSP00000380227	0	0	0	0	0	0	0	0.294	0.294
CXCR2	SYK	9606.ENSP00000319635	9606.ENSP00000364907	0	0	0	0	0.084	0.056	0	0.251	0.296
CXCR2	PADI4	9606.ENSP00000319635	9606.ENSP00000364597	0	0	0	0	0.177	0	0	0.299	0.398
CXCR2	FCGR3A	9606.ENSP00000319635	9606.ENSP00000356946	0	0	0	0	0.172	0	0	0.420	0.499
CXCR2	ITGAX	9606.ENSP00000319635	9606.ENSP00000454623	0	0	0	0	0.156	0	0	0.476	0.539
CXCR2	PTPRC	9606.ENSP00000319635	9606.ENSP00000411355	0	0	0	0	0.102	0	0	0.517	0.548
CXCR2	MMP9	9606.ENSP00000319635	9606.ENSP00000361405	0	0	0	0	0.090	0.057	0	0.576	0.605
CXCR2	IL10	9606.ENSP00000319635	9606.ENSP00000412237	0	0	0	0	0.062	0	0	0.609	0.618
CXCR2	GNAS	9606.ENSP00000319635	9606.ENSP00000360141	0	0	0	0	0	0.151	0.600	0.069	0.656
CXCR2	JAK2	9606.ENSP00000319635	9606.ENSP00000371067	0	0	0	0	0	0.056	0.600	0.325	0.722
CXCR5	ICAM3	9606.ENSP00000292174	9606.ENSP00000160262	0	0	0	0	0.052	0	0	0.208	0.217
CXCR5	IL2RB	9606.ENSP00000292174	9606.ENSP00000216223	0	0	0	0	0.108	0	0	0.432	0.472
CXCR5	IL4	9606.ENSP00000292174	9606.ENSP00000231449	0	0	0	0	0	0	0	0.681	0.681
CXCR5	IL1RL1	9606.ENSP00000292174	9606.ENSP00000233954	0	0	0	0	0	0	0	0.247	0.246
CXCR5	IRF1	9606.ENSP00000292174	9606.ENSP00000245414	0	0	0	0	0	0	0	0.224	0.224
CXCR5	DHX58	9606.ENSP00000292174	9606.ENSP00000251642	0	0	0	0	0.062	0	0	0.165	0.183
CXCR5	GALC	9606.ENSP00000292174	9606.ENSP00000261304	0	0	0	0	0	0	0	0.293	0.293
CXCR5	IKZF4	9606.ENSP00000292174	9606.ENSP00000262032	0	0	0	0	0	0.056	0	0.212	0.224
CXCR5	IL12RB2	9606.ENSP00000292174	9606.ENSP00000262345	0	0	0	0	0.062	0	0	0.294	0.309
CXCR5	IL21	9606.ENSP00000292174	9606.ENSP00000264497	0	0	0	0	0.062	0	0	0.682	0.689
CXCR5	STAT3	9606.ENSP00000292174	9606.ENSP00000264657	0	0	0	0	0	0.281	0	0.516	0.637
CXCR5	IRF8	9606.ENSP00000292174	9606.ENSP00000268638	0	0	0	0	0.097	0	0	0.329	0.369
CXCR5	FCGR2A	9606.ENSP00000292174	9606.ENSP00000271450	0	0	0	0	0	0	0	0.464	0.463
CXCR5	GNA12	9606.ENSP00000292174	9606.ENSP00000275364	0	0	0	0	0	0.151	0	0.307	0.386
CXCR5	GNAS	9606.ENSP00000292174	9606.ENSP00000360141	0	0	0	0	0	0.151	0	0	0.150
CXCR5	HECA	9606.ENSP00000292174	9606.ENSP00000356630	0	0	0	0	0	0	0	0.161	0.161
CXCR5	TAGAP	9606.ENSP00000292174	9606.ENSP00000356033	0	0	0	0	0.112	0	0	0.105	0.172
CXCR5	TGFBR2	9606.ENSP00000292174	9606.ENSP00000351905	0	0	0	0	0	0.056	0	0.167	0.180
CXCR5	TNFSF15	9606.ENSP00000292174	9606.ENSP00000363157	0	0	0	0	0	0	0	0.187	0.187
CXCR5	MALT1	9606.ENSP00000292174	9606.ENSP00000319279	0	0	0	0	0.077	0	0	0.167	0.198
CXCR5	GBA	9606.ENSP00000292174	9606.ENSP00000314508	0	0	0	0	0	0	0	0.204	0.204
CXCR5	FCRL3	9606.ENSP00000292174	9606.ENSP00000357167	0	0	0	0	0.082	0	0	0.170	0.206
CXCR5	ETS1	9606.ENSP00000292174	9606.ENSP00000376436	0	0	0	0	0	0	0	0.211	0.211
CXCR5	IRF7	9606.ENSP00000292174	9606.ENSP00000380697	0	0	0	0	0.062	0	0	0.203	0.220
CXCR5	TNIP1	9606.ENSP00000292174	9606.ENSP00000317891	0	0	0	0	0	0	0	0.254	0.254
CXCR5	TNFSF14	9606.ENSP00000292174	9606.ENSP00000469049	0	0	0	0	0.062	0	0	0.242	0.258
CXCR5	TSLP	9606.ENSP00000292174	9606.ENSP00000339804	0	0	0	0	0	0	0	0.261	0.261
CXCR5	DDX6	9606.ENSP00000292174	9606.ENSP00000478754	0	0	0	0	0	0	0	0.261	0.261
CXCR5	IL18R1	9606.ENSP00000292174	9606.ENSP00000387211	0	0	0	0	0.079	0	0	0.233	0.263
CXCR5	PTPN22	9606.ENSP00000292174	9606.ENSP00000352833	0	0	0	0	0.144	0	0	0.182	0.269
CXCR5	TNFRSF14	9606.ENSP00000292174	9606.ENSP00000347948	0	0	0	0	0.065	0	0	0.252	0.270
CXCR5	MMP9	9606.ENSP00000292174	9606.ENSP00000361405	0	0	0	0	0.062	0.057	0	0.257	0.285
CXCR5	IL16	9606.ENSP00000292174	9606.ENSP00000302935	0	0	0	0	0.084	0.086	0	0.240	0.308
CXCR5	RGS1	9606.ENSP00000292174	9606.ENSP00000356429	0	0	0	0	0.065	0.056	0	0.306	0.333
CXCR5	DENND1B	9606.ENSP00000292174	9606.ENSP00000479816	0	0	0	0	0.064	0	0	0.321	0.337
CXCR5	FASLG	9606.ENSP00000292174	9606.ENSP00000356694	0	0	0	0	0.062	0	0	0.325	0.339
CXCR5	IKZF1	9606.ENSP00000292174	9606.ENSP00000331614	0	0	0	0	0.176	0.056	0	0.235	0.353
CXCR5	SYK	9606.ENSP00000292174	9606.ENSP00000364907	0	0	0	0	0.065	0.056	0	0.335	0.361
CXCR5	TNFRSF11A	9606.ENSP00000292174	9606.ENSP00000465500	0	0	0	0	0	0	0	0.372	0.372
CXCR5	IRF5	9606.ENSP00000292174	9606.ENSP00000349770	0	0	0	0	0.062	0	0	0.360	0.374
CXCR5	IL23R	9606.ENSP00000292174	9606.ENSP00000321345	0	0	0	0	0	0	0	0.378	0.378
CXCR5	STAT6	9606.ENSP00000292174	9606.ENSP00000300134	0	0	0	0	0.062	0.056	0	0.376	0.399
CXCR5	ITK	9606.ENSP00000292174	9606.ENSP00000398655	0	0	0	0	0.167	0.056	0	0.300	0.401
CXCR5	ITGA4	9606.ENSP00000292174	9606.ENSP00000380227	0	0	0	0	0	0	0	0.459	0.459
CXCR5	GNGT2	9606.ENSP00000292174	9606.ENSP00000426022	0	0	0	0	0	0	0	0.462	0.462
CXCR5	IKZF3	9606.ENSP00000292174	9606.ENSP00000344544	0	0	0	0	0.237	0.056	0	0.324	0.470
CXCR5	TCF7	9606.ENSP00000292174	9606.ENSP00000340347	0	0	0	0	0.062	0	0	0.466	0.478
CXCR5	IL2RA	9606.ENSP00000292174	9606.ENSP00000369293	0	0	0	0	0.062	0	0	0.486	0.497
CXCR5	IL13	9606.ENSP00000292174	9606.ENSP00000304915	0	0	0	0	0	0	0	0.505	0.505
CXCR5	EOMES	9606.ENSP00000292174	9606.ENSP00000388620	0	0	0	0	0.063	0.056	0	0.495	0.514
CXCR5	HAVCR2	9606.ENSP00000292174	9606.ENSP00000312002	0	0	0	0	0.064	0	0	0.507	0.518
CXCR5	FCGR3A	9606.ENSP00000292174	9606.ENSP00000356946	0	0	0	0	0.062	0	0	0.518	0.528
CXCR5	GATA3	9606.ENSP00000292174	9606.ENSP00000368632	0	0	0	0	0	0	0	0.605	0.605
CXCR5	NOD2	9606.ENSP00000292174	9606.ENSP00000300589	0	0	0	0	0.064	0	0	0.598	0.607
CXCR5	JAK2	9606.ENSP00000292174	9606.ENSP00000371067	0	0	0	0	0	0.056	0.600	0.138	0.646
CXCR5	IL10	9606.ENSP00000292174	9606.ENSP00000412237	0	0	0	0	0.062	0	0	0.655	0.663
CXCR5	IL7R	9606.ENSP00000292174	9606.ENSP00000306157	0	0	0	0	0.122	0	0	0.665	0.693
CXCR5	PPBP	9606.ENSP00000292174	9606.ENSP00000296028	0	0	0	0	0.062	0	0.600	0.261	0.698
CXCR5	PF4	9606.ENSP00000292174	9606.ENSP00000296029	0	0	0	0	0.058	0	0.600	0.267	0.699
CXCR5	ITGAX	9606.ENSP00000292174	9606.ENSP00000454623	0	0	0	0	0.062	0	0	0.698	0.704
CXCR5	PTPRC	9606.ENSP00000292174	9606.ENSP00000411355	0	0	0	0	0.131	0	0	0.708	0.735
CYP24A1	SLC22A4	9606.ENSP00000216862	9606.ENSP00000200652	0	0	0	0	0.062	0.170	0	0.048	0.194
CYP24A1	NOX4	9606.ENSP00000216862	9606.ENSP00000263317	0	0	0	0	0	0.152	0	0.042	0.152
CYP24A1	KIF21B	9606.ENSP00000216862	9606.ENSP00000411831	0	0	0	0	0	0	0	0.161	0.161
CYP24A1	NOD2	9606.ENSP00000216862	9606.ENSP00000300589	0	0	0	0	0.049	0	0	0.163	0.169
CYP24A1	FOS	9606.ENSP00000216862	9606.ENSP00000306245	0	0	0	0	0	0	0	0.171	0.171
CYP24A1	PLAU	9606.ENSP00000216862	9606.ENSP00000361850	0	0	0	0	0.059	0.061	0	0.137	0.171
CYP24A1	IL22RA2	9606.ENSP00000216862	9606.ENSP00000296980	0	0	0	0	0	0	0	0.174	0.174
CYP24A1	IL13	9606.ENSP00000216862	9606.ENSP00000304915	0	0	0	0	0	0	0	0.179	0.179
CYP24A1	TAGAP	9606.ENSP00000216862	9606.ENSP00000356033	0	0	0	0	0	0	0	0.186	0.186
CYP24A1	SLC22A5	9606.ENSP00000216862	9606.ENSP00000245407	0	0	0	0	0.062	0.170	0	0.048	0.194
CYP24A1	FGF21	9606.ENSP00000216862	9606.ENSP00000471477	0	0	0	0	0	0	0	0.202	0.202
CYP24A1	MMP9	9606.ENSP00000216862	9606.ENSP00000361405	0	0	0	0	0	0	0	0.203	0.203
CYP24A1	GATA3	9606.ENSP00000216862	9606.ENSP00000368632	0	0	0	0	0.065	0.063	0	0.168	0.208
CYP24A1	GNAS	9606.ENSP00000216862	9606.ENSP00000360141	0	0	0	0	0	0.064	0	0.198	0.217
CYP24A1	ETS1	9606.ENSP00000216862	9606.ENSP00000376436	0	0	0	0	0	0.056	0	0.236	0.248
CYP24A1	IL4	9606.ENSP00000216862	9606.ENSP00000231449	0	0	0	0	0	0	0	0.253	0.252
CYP24A1	IL10	9606.ENSP00000216862	9606.ENSP00000412237	0	0	0	0	0	0	0	0.279	0.279
CYP24A1	TSLP	9606.ENSP00000216862	9606.ENSP00000339804	0	0	0	0	0	0	0	0.304	0.304
CYP24A1	PKIG	9606.ENSP00000216862	9606.ENSP00000361980	0	0	0	0	0	0	0	0.342	0.342
CYP24A1	PFDN4	9606.ENSP00000216862	9606.ENSP00000360473	0	0	0	0	0	0	0	0.553	0.553
DAP	RPS6KB1	9606.ENSP00000230895	9606.ENSP00000225577	0	0	0	0	0	0	0	0.195	0.195
DAP	SDF2L1	9606.ENSP00000230895	9606.ENSP00000248958	0	0	0	0	0.080	0	0	0.538	0.557
DDX6	DHODH	9606.ENSP00000478754	9606.ENSP00000219240	0.051	0	0	0	0.077	0.078	0	0.087	0.164
DDX6	LRP1	9606.ENSP00000478754	9606.ENSP00000243077	0	0	0	0	0.110	0.056	0	0.110	0.186
DDX6	DHX58	9606.ENSP00000478754	9606.ENSP00000251642	0	0	0	0	0	0.057	0	0.174	0.188
DDX6	PARP12	9606.ENSP00000478754	9606.ENSP00000263549	0	0	0	0	0	0	0	0.186	0.186
DDX6	GNA12	9606.ENSP00000478754	9606.ENSP00000275364	0	0	0	0	0.065	0.139	0	0	0.160
DDX6	MED7	9606.ENSP00000478754	9606.ENSP00000286317	0	0	0	0	0.062	0.399	0	0.055	0.420
DDX6	RAVER1	9606.ENSP00000478754	9606.ENSP00000293677	0.042	0	0	0	0.123	0.102	0	0.163	0.284
DDX6	SNAPC4	9606.ENSP00000478754	9606.ENSP00000298532	0	0	0	0	0	0.183	0	0.052	0.192
DDX6	HSPA6	9606.ENSP00000478754	9606.ENSP00000310219	0	0	0	0	0.084	0.194	0	0.140	0.310
DDX6	TNIP1	9606.ENSP00000478754	9606.ENSP00000317891	0	0	0	0	0	0	0	0.295	0.295
DDX6	PPIL2	9606.ENSP00000478754	9606.ENSP00000334553	0	0	0	0	0.064	0.102	0	0.115	0.192
DDX6	IKZF3	9606.ENSP00000478754	9606.ENSP00000344544	0	0	0	0	0	0.059	0	0.221	0.236
DDX6	RPL3	9606.ENSP00000478754	9606.ENSP00000346001	0	0	0	0	0.133	0.146	0	0.092	0.269
DDX6	RPS26	9606.ENSP00000478754	9606.ENSP00000348849	0	0	0	0	0.123	0.061	0	0.055	0.154
DDX6	IRF5	9606.ENSP00000478754	9606.ENSP00000349770	0	0	0	0	0	0	0	0.216	0.216
DDX6	PTPN22	9606.ENSP00000478754	9606.ENSP00000352833	0	0	0	0	0.062	0.056	0	0.128	0.160
DDX6	TAGAP	9606.ENSP00000478754	9606.ENSP00000356033	0	0	0	0	0	0	0	0.234	0.234
DDX6	HECA	9606.ENSP00000478754	9606.ENSP00000356630	0	0	0	0	0.153	0	0	0.082	0.189
DDX6	GNAS	9606.ENSP00000478754	9606.ENSP00000360141	0	0	0	0	0	0.139	0	0.057	0.153
DDX6	PKIG	9606.ENSP00000478754	9606.ENSP00000361980	0	0	0	0	0	0	0	0.208	0.208
DDX6	ETS1	9606.ENSP00000478754	9606.ENSP00000376436	0	0	0	0	0.053	0.062	0	0.161	0.189
DDX6	ORMDL3	9606.ENSP00000478754	9606.ENSP00000377724	0	0	0	0	0.064	0.144	0	0.071	0.190
DDX6	ZFP36L1	9606.ENSP00000478754	9606.ENSP00000388402	0	0	0	0	0.065	0.159	0	0.459	0.537
DDX6	UBE2L3	9606.ENSP00000478754	9606.ENSP00000400906	0	0	0	0	0	0.063	0	0.213	0.231
DDX6	SCHIP1	9606.ENSP00000478754	9606.ENSP00000404860	0	0	0	0	0	0	0	0.240	0.239
DDX6	WDR36	9606.ENSP00000478754	9606.ENSP00000423067	0	0	0	0	0.133	0.188	0	0	0.265
DDX6	POLR2E	9606.ENSP00000478754	9606.ENSP00000478303	0	0	0	0	0.063	0.146	0	0.055	0.177
DENND1B	SLC22A4	9606.ENSP00000479816	9606.ENSP00000200652	0	0	0	0	0	0.102	0	0.249	0.297
DENND1B	IL2RB	9606.ENSP00000479816	9606.ENSP00000216223	0	0	0	0	0	0	0	0.458	0.457
DENND1B	IL1RL1	9606.ENSP00000479816	9606.ENSP00000233954	0	0	0	0	0	0	0	0.529	0.529
DENND1B	SLC22A5	9606.ENSP00000479816	9606.ENSP00000245407	0	0	0	0	0	0.102	0	0.408	0.445
DENND1B	NDFIP1	9606.ENSP00000479816	9606.ENSP00000253814	0	0	0	0	0	0	0	0.220	0.220
DENND1B	IKZF4	9606.ENSP00000479816	9606.ENSP00000262032	0	0	0	0	0	0	0	0.420	0.420
DENND1B	IL12RB2	9606.ENSP00000479816	9606.ENSP00000262345	0	0	0	0	0	0	0	0.391	0.390
DENND1B	IL18RAP	9606.ENSP00000479816	9606.ENSP00000264260	0	0	0	0	0	0	0	0.211	0.211
DENND1B	GNA12	9606.ENSP00000479816	9606.ENSP00000275364	0	0	0	0	0.048	0	0	0.291	0.296
DENND1B	JAZF1	9606.ENSP00000479816	9606.ENSP00000283928	0	0	0	0	0	0	0	0.222	0.222
DENND1B	SLC9A4	9606.ENSP00000479816	9606.ENSP00000295269	0	0	0	0	0	0	0	0.270	0.270
DENND1B	STAT6	9606.ENSP00000479816	9606.ENSP00000300134	0	0	0	0	0.062	0	0	0.166	0.185
DENND1B	NOD2	9606.ENSP00000479816	9606.ENSP00000300589	0	0	0	0	0	0	0	0.171	0.171
DENND1B	GSDMA	9606.ENSP00000479816	9606.ENSP00000301659	0	0	0	0	0	0	0	0.284	0.284
DENND1B	IL13	9606.ENSP00000479816	9606.ENSP00000304915	0	0	0	0	0	0	0	0.289	0.288
DENND1B	IL7R	9606.ENSP00000479816	9606.ENSP00000306157	0	0	0	0	0.063	0	0	0.281	0.297
DENND1B	HSPA6	9606.ENSP00000479816	9606.ENSP00000310219	0	0	0	0	0	0	0	0.150	0.150
DENND1B	TNIP1	9606.ENSP00000479816	9606.ENSP00000317891	0	0	0	0	0	0	0	0.270	0.270
DENND1B	IL23R	9606.ENSP00000479816	9606.ENSP00000321345	0	0	0	0	0	0	0	0.220	0.220
DENND1B	MYNN	9606.ENSP00000479816	9606.ENSP00000326240	0	0	0	0	0	0	0	0.310	0.310
DENND1B	RPS6KA4	9606.ENSP00000479816	9606.ENSP00000333896	0	0	0	0	0	0	0	0.308	0.308
DENND1B	ZPBP2	9606.ENSP00000479816	9606.ENSP00000335384	0	0	0	0	0	0	0	0.504	0.504
DENND1B	TSLP	9606.ENSP00000479816	9606.ENSP00000339804	0	0	0	0	0	0	0	0.390	0.390
DENND1B	IKZF3	9606.ENSP00000479816	9606.ENSP00000344544	0	0	0	0	0	0	0	0.304	0.304
DENND1B	IRF5	9606.ENSP00000479816	9606.ENSP00000349770	0	0	0	0	0	0	0	0.370	0.370
DENND1B	RAB5B	9606.ENSP00000479816	9606.ENSP00000353444	0	0	0	0	0	0	0	0.177	0.177
DENND1B	TAGAP	9606.ENSP00000479816	9606.ENSP00000356033	0	0	0	0	0	0	0	0.198	0.198
DENND1B	INPP5E	9606.ENSP00000479816	9606.ENSP00000360777	0	0	0	0	0.062	0	0	0.143	0.161
DENND1B	TRAF1	9606.ENSP00000479816	9606.ENSP00000362994	0	0	0	0	0	0	0	0.155	0.155
DENND1B	TNFSF15	9606.ENSP00000479816	9606.ENSP00000363157	0	0	0	0	0.049	0	0	0.234	0.240
DENND1B	GRB2	9606.ENSP00000479816	9606.ENSP00000376345	0	0	0	0	0.052	0.581	0	0.144	0.630
DENND1B	ORMDL3	9606.ENSP00000479816	9606.ENSP00000377724	0	0	0	0	0	0	0	0.760	0.760
DENND1B	THADA	9606.ENSP00000479816	9606.ENSP00000385995	0	0	0	0	0	0	0	0.248	0.248
DENND1B	IL18R1	9606.ENSP00000479816	9606.ENSP00000387211	0	0	0	0	0	0	0	0.518	0.518
DENND1B	FUT2	9606.ENSP00000479816	9606.ENSP00000387498	0	0	0	0	0	0	0	0.263	0.263
DENND1B	ZFP36L1	9606.ENSP00000479816	9606.ENSP00000388402	0	0	0	0	0.062	0	0	0.152	0.171
DENND1B	PLCL1	9606.ENSP00000479816	9606.ENSP00000402861	0	0	0	0	0	0	0	0.293	0.293
DENND1B	SCHIP1	9606.ENSP00000479816	9606.ENSP00000404860	0	0	0	0	0	0	0	0.213	0.213
DENND1B	PTPRC	9606.ENSP00000479816	9606.ENSP00000411355	0	0	0	0	0.065	0	0	0.194	0.214
DENND1B	GSDMB	9606.ENSP00000479816	9606.ENSP00000415049	0	0	0	0	0	0	0	0.637	0.637
DENND1B	PARK7	9606.ENSP00000479816	9606.ENSP00000418770	0	0	0	0	0	0	0	0.351	0.351
DENND1B	WDR36	9606.ENSP00000479816	9606.ENSP00000423067	0	0	0	0	0	0	0	0.501	0.501
DENND1B	RAB5C	9606.ENSP00000479816	9606.ENSP00000447053	0	0	0	0	0	0	0	0.177	0.177
DGKE	KAT2A	9606.ENSP00000284061	9606.ENSP00000225916	0	0	0	0	0	0	0	0.191	0.191
DGKE	GNA12	9606.ENSP00000284061	9606.ENSP00000275364	0	0	0	0	0	0	0	0.151	0.151
DGKE	TCF7	9606.ENSP00000284061	9606.ENSP00000340347	0	0	0	0	0.057	0	0	0.137	0.151
DGKE	INPP5E	9606.ENSP00000284061	9606.ENSP00000360777	0	0	0	0	0.084	0	0	0.135	0.173
DGKE	PLCL1	9606.ENSP00000284061	9606.ENSP00000402861	0	0	0	0	0.062	0	0	0.183	0.200
DGKE	PRKCB	9606.ENSP00000284061	9606.ENSP00000305355	0	0	0	0	0.049	0	0	0.217	0.223
DGKE	HP	9606.ENSP00000284061	9606.ENSP00000348170	0	0	0	0	0	0	0	0.375	0.375
DHODH	TRMT112	9606.ENSP00000219240	9606.ENSP00000438349	0	0	0	0	0.161	0	0	0	0.161
DHODH	MARS2	9606.ENSP00000219240	9606.ENSP00000282276	0	0	0	0	0.067	0	0	0.147	0.170
DHODH	THADA	9606.ENSP00000219240	9606.ENSP00000385995	0	0	0	0	0.182	0	0	0	0.182
DHODH	GNA12	9606.ENSP00000219240	9606.ENSP00000275364	0	0	0	0	0.062	0.165	0	0	0.183
DHODH	HSPA6	9606.ENSP00000219240	9606.ENSP00000310219	0	0	0	0	0.117	0	0	0.118	0.188
DHODH	GLRX2	9606.ENSP00000219240	9606.ENSP00000356410	0.048	0	0	0	0	0	0	0.188	0.193
DHODH	POLR2E	9606.ENSP00000219240	9606.ENSP00000478303	0	0	0	0	0.188	0	0	0.049	0.195
DHODH	GNAS	9606.ENSP00000219240	9606.ENSP00000360141	0	0	0	0	0.052	0.165	0	0.066	0.196
DHODH	PARK7	9606.ENSP00000219240	9606.ENSP00000418770	0.140	0	0	0	0	0.070	0	0.085	0.204
DHODH	KRTCAP2	9606.ENSP00000219240	9606.ENSP00000295682	0	0	0	0	0.046	0	0	0.208	0.212
DHODH	RPS6KB1	9606.ENSP00000219240	9606.ENSP00000225577	0	0	0	0	0.079	0	0	0.181	0.213
DHODH	SYK	9606.ENSP00000219240	9606.ENSP00000364907	0	0	0	0	0	0	0	0.216	0.216
DHODH	PKD1L3	9606.ENSP00000219240	9606.ENSP00000480090	0	0	0	0	0	0	0	0.218	0.218
DHODH	IL10	9606.ENSP00000219240	9606.ENSP00000412237	0	0	0	0	0	0	0	0.219	0.219
DHODH	WDR36	9606.ENSP00000219240	9606.ENSP00000423067	0	0	0	0	0.245	0	0	0	0.244
DHODH	FEN1	9606.ENSP00000219240	9606.ENSP00000305480	0	0	0	0	0.122	0	0	0.180	0.249
DHODH	GPX4	9606.ENSP00000219240	9606.ENSP00000346103	0	0	0	0	0.062	0	0	0.235	0.251
DHODH	LACC1	9606.ENSP00000219240	9606.ENSP00000391747	0.214	0	0	0	0.062	0.077	0	0	0.260
DHODH	MPV17L2	9606.ENSP00000219240	9606.ENSP00000469836	0	0	0	0	0.053	0	0	0.268	0.277
DHODH	SLC26A3	9606.ENSP00000219240	9606.ENSP00000345873	0.047	0	0	0	0	0	0	0.282	0.286
DHX58	IL2RB	9606.ENSP00000251642	9606.ENSP00000216223	0	0	0	0	0.096	0	0	0.173	0.221
DHX58	PLGRKT	9606.ENSP00000251642	9606.ENSP00000223864	0	0	0	0	0	0	0	0.184	0.184
DHX58	KAT2A	9606.ENSP00000251642	9606.ENSP00000225916	0	0	0	0	0.084	0.097	0	0.398	0.458
DHX58	IL4	9606.ENSP00000251642	9606.ENSP00000231449	0	0	0	0	0	0	0	0.166	0.166
DHX58	IRF1	9606.ENSP00000251642	9606.ENSP00000245414	0	0	0	0	0.098	0	0	0.539	0.566
DHX58	TICAM1	9606.ENSP00000251642	9606.ENSP00000248244	0	0	0	0	0.139	0	0	0.467	0.521
DHX58	FCGR3A	9606.ENSP00000251642	9606.ENSP00000356946	0	0	0	0	0.107	0	0	0.092	0.155
DHX58	PTPRC	9606.ENSP00000251642	9606.ENSP00000411355	0	0	0	0	0.105	0.056	0	0.081	0.156
DHX58	PTPN22	9606.ENSP00000251642	9606.ENSP00000352833	0	0	0	0	0.125	0.056	0	0.062	0.157
DHX58	IL18RAP	9606.ENSP00000251642	9606.ENSP00000264260	0	0	0	0	0.076	0	0	0.127	0.159
DHX58	NDFIP1	9606.ENSP00000251642	9606.ENSP00000253814	0	0	0	0	0	0	0	0.167	0.167
DHX58	IFNGR2	9606.ENSP00000251642	9606.ENSP00000290219	0	0	0	0	0	0	0	0.168	0.168
DHX58	ITGAX	9606.ENSP00000251642	9606.ENSP00000454623	0	0	0	0	0.072	0.056	0	0.139	0.180
DHX58	SYK	9606.ENSP00000251642	9606.ENSP00000364907	0	0	0	0	0.070	0.056	0	0.142	0.182
DHX58	JAK2	9606.ENSP00000251642	9606.ENSP00000371067	0	0	0	0	0.074	0.056	0	0.153	0.195
DHX58	FEN1	9606.ENSP00000251642	9606.ENSP00000305480	0	0	0	0	0.066	0.082	0	0.138	0.196
DHX58	STAT6	9606.ENSP00000251642	9606.ENSP00000300134	0	0	0	0	0.102	0	0	0.148	0.203
DHX58	STAT3	9606.ENSP00000251642	9606.ENSP00000264657	0	0	0	0	0.068	0	0	0.182	0.205
DHX58	THEMIS	9606.ENSP00000251642	9606.ENSP00000357231	0	0	0	0	0.064	0	0	0.191	0.210
DHX58	TNFRSF14	9606.ENSP00000251642	9606.ENSP00000347948	0	0	0	0	0.211	0	0	0.071	0.235
DHX58	IL10	9606.ENSP00000251642	9606.ENSP00000412237	0	0	0	0	0.052	0	0	0.240	0.249
DHX58	FOS	9606.ENSP00000251642	9606.ENSP00000306245	0	0	0	0	0	0	0	0.252	0.252
DHX58	IRGM	9606.ENSP00000251642	9606.ENSP00000428220	0	0	0	0	0.101	0	0	0.208	0.257
DHX58	SP110	9606.ENSP00000251642	9606.ENSP00000258381	0	0	0	0	0.231	0.064	0	0.054	0.260
DHX58	TRAF1	9606.ENSP00000251642	9606.ENSP00000362994	0	0	0	0	0.172	0	0	0.157	0.272
DHX58	SP140	9606.ENSP00000251642	9606.ENSP00000375899	0	0	0	0	0.140	0.064	0	0.182	0.285
DHX58	TRAT1	9606.ENSP00000251642	9606.ENSP00000295756	0	0	0	0	0.070	0	0	0.294	0.315
DHX58	IRF5	9606.ENSP00000251642	9606.ENSP00000349770	0	0	0	0	0.097	0	0	0.315	0.356
DHX58	HCRT	9606.ENSP00000251642	9606.ENSP00000293330	0	0	0	0	0	0	0	0.360	0.360
DHX58	IRF8	9606.ENSP00000251642	9606.ENSP00000268638	0	0	0	0	0.111	0	0	0.385	0.429
DHX58	NOD2	9606.ENSP00000251642	9606.ENSP00000300589	0	0	0	0	0.158	0	0	0.495	0.557
DHX58	PARP12	9606.ENSP00000251642	9606.ENSP00000263549	0	0	0	0	0.449	0	0	0.284	0.589
DHX58	KCNH4	9606.ENSP00000251642	9606.ENSP00000264661	0	0	0	0	0	0	0	0.647	0.647
DHX58	IRF7	9606.ENSP00000251642	9606.ENSP00000380697	0	0	0	0	0.623	0	0	0.787	0.916
DNASE1	HMOX1	9606.ENSP00000385905	9606.ENSP00000216117	0	0	0	0	0	0	0	0.184	0.184
DNASE1	IL4	9606.ENSP00000385905	9606.ENSP00000231449	0	0	0	0	0	0	0	0.212	0.212
DNASE1	FCGR2A	9606.ENSP00000385905	9606.ENSP00000271450	0	0	0	0	0.061	0	0	0.307	0.321
DNASE1	IL13	9606.ENSP00000385905	9606.ENSP00000304915	0	0	0	0	0	0	0	0.170	0.170
DNASE1	OS9	9606.ENSP00000385905	9606.ENSP00000318165	0	0	0	0	0	0	0	0.293	0.293
DNASE1	IRF5	9606.ENSP00000385905	9606.ENSP00000349770	0	0	0	0	0	0	0	0.305	0.305
DNASE1	PTPN22	9606.ENSP00000385905	9606.ENSP00000352833	0	0	0	0	0	0	0	0.294	0.294
DNASE1	FCGR3A	9606.ENSP00000385905	9606.ENSP00000356946	0	0	0	0	0	0	0	0.201	0.201
DNASE1	MMP9	9606.ENSP00000385905	9606.ENSP00000361405	0	0	0	0	0	0	0	0.160	0.159
DNASE1	PADI4	9606.ENSP00000385905	9606.ENSP00000364597	0	0	0	0	0.062	0	0	0.286	0.301
DNASE1	TH	9606.ENSP00000385905	9606.ENSP00000370571	0	0	0	0	0	0	0	0.160	0.160
DNASE1	IRF7	9606.ENSP00000385905	9606.ENSP00000380697	0	0	0	0	0	0	0	0.168	0.168
DNASE1	IL10	9606.ENSP00000385905	9606.ENSP00000412237	0	0	0	0	0	0	0	0.256	0.256
DNASE1	ITGAX	9606.ENSP00000385905	9606.ENSP00000454623	0	0	0	0	0	0	0	0.325	0.325
DNASE1	PTPRC	9606.ENSP00000385905	9606.ENSP00000411355	0	0	0	0	0	0	0	0.436	0.436
DNLZ	SNAPC4	9606.ENSP00000360803	9606.ENSP00000298532	0	0	0	0	0.069	0	0	0.467	0.482
DNLZ	HSPA6	9606.ENSP00000360803	9606.ENSP00000310219	0	0	0	0	0	0.243	0	0.322	0.464
DNLZ	MTX1	9606.ENSP00000360803	9606.ENSP00000357360	0	0	0	0	0	0	0	0.386	0.386
DNLZ	ZNF300	9606.ENSP00000360803	9606.ENSP00000397178	0	0	0	0	0.049	0	0	0.269	0.275
DNLZ	GPSM1	9606.ENSP00000360803	9606.ENSP00000392828	0	0	0	0	0.078	0	0	0.289	0.316
DNLZ	PHF19	9606.ENSP00000360803	9606.ENSP00000483946	0	0	0	0	0	0	0	0.327	0.327
DOK6	NFE2L3	9606.ENSP00000372160	9606.ENSP00000056233	0	0	0	0	0	0	0	0.340	0.340
DOK6	IL12RB2	9606.ENSP00000372160	9606.ENSP00000262345	0	0	0	0	0	0	0	0.337	0.337
DOK6	SPTA1	9606.ENSP00000372160	9606.ENSP00000357129	0	0	0	0	0	0	0	0.250	0.250
DOK6	PKIG	9606.ENSP00000372160	9606.ENSP00000361980	0	0	0	0	0	0	0	0.317	0.317
DOK6	SLITRK1	9606.ENSP00000372160	9606.ENSP00000366288	0	0	0	0	0.155	0	0	0	0.155
DOK6	PLCL1	9606.ENSP00000372160	9606.ENSP00000402861	0	0	0	0	0.111	0	0	0.424	0.466
DOK6	P4HA2	9606.ENSP00000372160	9606.ENSP00000384999	0	0	0	0	0	0	0	0.552	0.552
DRD4	GNA12	9606.ENSP00000176183	9606.ENSP00000275364	0	0	0	0	0	0.151	0	0	0.150
DRD4	FOS	9606.ENSP00000176183	9606.ENSP00000306245	0	0	0	0	0	0	0	0.185	0.185
DRD4	IRF5	9606.ENSP00000176183	9606.ENSP00000349770	0	0	0	0	0	0	0	0.190	0.190
DRD4	FADS2	9606.ENSP00000176183	9606.ENSP00000278840	0	0	0	0	0	0	0	0.195	0.195
DRD4	HCRT	9606.ENSP00000176183	9606.ENSP00000293330	0	0	0	0	0	0	0	0.234	0.234
DRD4	SLITRK1	9606.ENSP00000176183	9606.ENSP00000366288	0	0	0	0	0	0	0	0.245	0.245
DRD4	GRB2	9606.ENSP00000176183	9606.ENSP00000376345	0	0	0	0	0	0.270	0	0.047	0.274
DRD4	GNAS	9606.ENSP00000176183	9606.ENSP00000360141	0	0	0	0	0	0.151	0	0.291	0.372
DRD4	TH	9606.ENSP00000176183	9606.ENSP00000370571	0	0	0	0	0	0	0	0.530	0.530
DRD4	GNGT2	9606.ENSP00000176183	9606.ENSP00000426022	0	0	0	0	0	0	0.600	0.151	0.646
EDN3	SCT	9606.ENSP00000337128	9606.ENSP00000176195	0	0	0	0	0	0	0	0.195	0.195
EDN3	NOX4	9606.ENSP00000337128	9606.ENSP00000263317	0	0	0	0	0	0	0	0.152	0.152
EDN3	SLC9A3	9606.ENSP00000337128	9606.ENSP00000264938	0	0	0	0	0	0	0	0.193	0.193
EDN3	HCRT	9606.ENSP00000337128	9606.ENSP00000293330	0	0	0	0	0	0	0.500	0.075	0.517
EDN3	SOX8	9606.ENSP00000337128	9606.ENSP00000293894	0	0	0	0	0.076	0	0	0.152	0.183
EDN3	FOS	9606.ENSP00000337128	9606.ENSP00000306245	0	0	0	0	0	0	0	0.160	0.159
EDN3	MYO1A	9606.ENSP00000337128	9606.ENSP00000393392	0	0	0	0	0.069	0	0	0.128	0.153
EDN3	TH	9606.ENSP00000337128	9606.ENSP00000370571	0	0	0	0	0	0	0	0.169	0.169
EDN3	PFDN4	9606.ENSP00000337128	9606.ENSP00000360473	0	0	0	0	0	0	0	0.318	0.318
EDN3	GNAS	9606.ENSP00000337128	9606.ENSP00000360141	0	0	0	0	0	0	0	0.323	0.323
EDN3	PMEL	9606.ENSP00000337128	9606.ENSP00000402758	0	0	0	0	0	0	0	0.402	0.402
EOMES	IL2RB	9606.ENSP00000388620	9606.ENSP00000216223	0	0	0	0	0.119	0	0	0.728	0.751
EOMES	RPS6KB1	9606.ENSP00000388620	9606.ENSP00000225577	0	0	0	0	0.063	0	0	0.212	0.230
EOMES	KAT2A	9606.ENSP00000388620	9606.ENSP00000225916	0	0	0	0	0	0.096	0	0.163	0.211
EOMES	IL4	9606.ENSP00000388620	9606.ENSP00000231449	0	0	0	0	0	0	0	0.523	0.523
EOMES	IL1RL1	9606.ENSP00000388620	9606.ENSP00000233954	0	0	0	0	0	0	0	0.293	0.293
EOMES	IRF1	9606.ENSP00000388620	9606.ENSP00000245414	0	0	0	0	0	0	0	0.218	0.218
EOMES	LIF	9606.ENSP00000388620	9606.ENSP00000249075	0	0	0	0	0	0	0	0.341	0.341
EOMES	HNF1A	9606.ENSP00000388620	9606.ENSP00000257555	0	0	0	0	0	0.061	0	0.196	0.213
EOMES	IL12RB2	9606.ENSP00000388620	9606.ENSP00000262345	0	0	0	0	0	0	0	0.349	0.349
EOMES	IL18RAP	9606.ENSP00000388620	9606.ENSP00000264260	0	0	0	0	0.078	0	0	0.223	0.253
EOMES	IL21	9606.ENSP00000388620	9606.ENSP00000264497	0	0	0	0	0	0	0	0.296	0.296
EOMES	STAT3	9606.ENSP00000388620	9606.ENSP00000264657	0	0	0	0	0	0.112	0	0.458	0.498
EOMES	FOSL2	9606.ENSP00000388620	9606.ENSP00000264716	0	0	0	0	0	0.143	0	0.140	0.231
EOMES	IRF8	9606.ENSP00000388620	9606.ENSP00000268638	0	0	0	0	0.062	0	0	0.292	0.307
EOMES	FCGR2A	9606.ENSP00000388620	9606.ENSP00000271450	0	0	0	0	0	0	0	0.264	0.264
EOMES	HHEX	9606.ENSP00000388620	9606.ENSP00000282728	0	0	0	0	0	0.076	0	0.366	0.389
EOMES	PPBP	9606.ENSP00000388620	9606.ENSP00000296028	0	0	0	0	0	0	0	0.170	0.169
EOMES	STAT6	9606.ENSP00000388620	9606.ENSP00000300134	0	0	0	0	0	0.112	0	0.323	0.373
EOMES	IL13	9606.ENSP00000388620	9606.ENSP00000304915	0	0	0	0	0	0	0	0.459	0.459
EOMES	IL7R	9606.ENSP00000388620	9606.ENSP00000306157	0	0	0	0	0.062	0	0	0.707	0.714
EOMES	FOS	9606.ENSP00000388620	9606.ENSP00000306245	0	0	0	0	0	0.143	0	0.261	0.339
EOMES	HAVCR2	9606.ENSP00000388620	9606.ENSP00000312002	0	0	0	0	0.062	0	0	0.602	0.610
EOMES	IL23R	9606.ENSP00000388620	9606.ENSP00000321345	0	0	0	0	0	0	0	0.391	0.390
EOMES	IKZF1	9606.ENSP00000388620	9606.ENSP00000331614	0	0	0	0	0.062	0.058	0	0.325	0.351
EOMES	TSLP	9606.ENSP00000388620	9606.ENSP00000339804	0	0	0	0	0	0	0	0.282	0.282
EOMES	TCF7	9606.ENSP00000388620	9606.ENSP00000340347	0	0	0	0	0.062	0.180	0	0.624	0.685
EOMES	IKZF3	9606.ENSP00000388620	9606.ENSP00000344544	0	0	0	0	0.063	0.058	0	0.276	0.305
EOMES	SPRED2	9606.ENSP00000388620	9606.ENSP00000348753	0	0	0	0	0.052	0	0	0.147	0.157
EOMES	TGFBR2	9606.ENSP00000388620	9606.ENSP00000351905	0	0	0	0	0	0.056	0	0.230	0.242
EOMES	ETS2	9606.ENSP00000388620	9606.ENSP00000353344	0	0	0	0	0.053	0.058	0	0.371	0.390
EOMES	FASLG	9606.ENSP00000388620	9606.ENSP00000356694	0	0	0	0	0.077	0	0	0.395	0.417
EOMES	FCGR3A	9606.ENSP00000388620	9606.ENSP00000356946	0	0	0	0	0.089	0	0	0.459	0.486
EOMES	TGFBR1	9606.ENSP00000388620	9606.ENSP00000364133	0	0	0	0	0.062	0.056	0	0.165	0.197
EOMES	SYK	9606.ENSP00000388620	9606.ENSP00000364907	0	0	0	0	0.056	0.056	0	0.145	0.171
EOMES	GATA3	9606.ENSP00000388620	9606.ENSP00000368632	0	0	0	0	0.052	0.119	0	0.740	0.764
EOMES	IL2RA	9606.ENSP00000388620	9606.ENSP00000369293	0	0	0	0	0	0	0	0.476	0.476
EOMES	TH	9606.ENSP00000388620	9606.ENSP00000370571	0	0	0	0	0	0	0	0.176	0.176
EOMES	JAK2	9606.ENSP00000388620	9606.ENSP00000371067	0	0	0	0	0	0.056	0	0.138	0.151
EOMES	ETS1	9606.ENSP00000388620	9606.ENSP00000376436	0	0	0	0	0.062	0.058	0	0.416	0.439
EOMES	ITGA4	9606.ENSP00000388620	9606.ENSP00000380227	0	0	0	0	0	0	0	0.334	0.334
EOMES	IRF7	9606.ENSP00000388620	9606.ENSP00000380697	0	0	0	0	0	0	0	0.166	0.165
EOMES	ESRRA	9606.ENSP00000388620	9606.ENSP00000384851	0	0	0	0	0	0.102	0	0.108	0.165
EOMES	IL18R1	9606.ENSP00000388620	9606.ENSP00000387211	0	0	0	0	0.062	0	0	0.377	0.390
EOMES	TNFRSF11A	9606.ENSP00000388620	9606.ENSP00000465500	0	0	0	0	0	0	0	0.154	0.154
EOMES	TNFSF14	9606.ENSP00000388620	9606.ENSP00000469049	0	0	0	0	0	0	0	0.183	0.183
EOMES	PVR	9606.ENSP00000388620	9606.ENSP00000402060	0	0	0	0	0	0	0	0.205	0.205
EOMES	GPSM1	9606.ENSP00000388620	9606.ENSP00000392828	0	0	0	0	0	0	0	0.206	0.206
EOMES	PMEL	9606.ENSP00000388620	9606.ENSP00000402758	0	0	0	0	0	0	0	0.284	0.284
EOMES	ITGAX	9606.ENSP00000388620	9606.ENSP00000454623	0	0	0	0	0	0	0	0.420	0.420
EOMES	IL10	9606.ENSP00000388620	9606.ENSP00000412237	0	0	0	0	0	0	0	0.458	0.457
EOMES	ITK	9606.ENSP00000388620	9606.ENSP00000398655	0	0	0	0	0.076	0.056	0	0.466	0.493
EOMES	PTPRC	9606.ENSP00000388620	9606.ENSP00000411355	0	0	0	0	0.063	0.056	0	0.568	0.584
ERBB3	KEAP1	9606.ENSP00000267101	9606.ENSP00000171111	0	0	0	0	0	0	0	0.178	0.178
ERBB3	PIK3R2	9606.ENSP00000267101	9606.ENSP00000222254	0	0	0	0	0	0.882	0.800	0.622	0.990
ERBB3	RPS6KB1	9606.ENSP00000267101	9606.ENSP00000225577	0	0	0	0.555	0.062	0	0	0.497	0.260
ERBB3	LRP1	9606.ENSP00000267101	9606.ENSP00000243077	0	0	0	0	0.063	0.095	0	0.089	0.160
ERBB3	LIF	9606.ENSP00000267101	9606.ENSP00000249075	0	0	0	0	0	0	0	0.302	0.302
ERBB3	GRHL2	9606.ENSP00000267101	9606.ENSP00000251808	0	0	0	0	0.196	0	0	0.242	0.365
ERBB3	IKZF4	9606.ENSP00000267101	9606.ENSP00000262032	0	0	0	0	0	0.056	0	0.261	0.273
ERBB3	IL18RAP	9606.ENSP00000267101	9606.ENSP00000264260	0	0	0	0	0	0	0	0.181	0.181
ERBB3	STAT3	9606.ENSP00000267101	9606.ENSP00000264657	0	0	0	0	0	0.078	0	0.653	0.666
ERBB3	PRDX5	9606.ENSP00000267101	9606.ENSP00000265462	0	0	0	0	0	0.117	0	0.112	0.182
ERBB3	IL18R1	9606.ENSP00000267101	9606.ENSP00000387211	0	0	0	0	0	0	0	0.158	0.157
ERBB3	IL10	9606.ENSP00000267101	9606.ENSP00000412237	0	0	0	0	0	0	0	0.161	0.161
ERBB3	THADA	9606.ENSP00000267101	9606.ENSP00000385995	0	0	0	0	0	0	0	0.165	0.165
ERBB3	NAB2	9606.ENSP00000267101	9606.ENSP00000300131	0	0	0	0	0	0	0	0.166	0.166
ERBB3	PLCL1	9606.ENSP00000267101	9606.ENSP00000402861	0	0	0	0	0.062	0.139	0	0.063	0.177
ERBB3	RASAL3	9606.ENSP00000267101	9606.ENSP00000341905	0	0	0	0	0	0.171	0	0.055	0.183
ERBB3	SOX8	9606.ENSP00000267101	9606.ENSP00000293894	0	0	0	0	0.051	0.061	0	0.163	0.189
ERBB3	PLAU	9606.ENSP00000267101	9606.ENSP00000361850	0	0	0	0	0	0	0	0.210	0.210
ERBB3	PMEL	9606.ENSP00000267101	9606.ENSP00000402758	0	0	0	0	0.069	0	0	0.189	0.212
ERBB3	STAT6	9606.ENSP00000267101	9606.ENSP00000300134	0	0	0	0	0.054	0.078	0	0.195	0.236
ERBB3	KSR1	9606.ENSP00000267101	9606.ENSP00000381958	0	0	0	0.548	0	0.107	0	0.369	0.245
ERBB3	PTPRC	9606.ENSP00000267101	9606.ENSP00000411355	0	0	0	0	0	0.150	0	0.151	0.247
ERBB3	RPS26	9606.ENSP00000267101	9606.ENSP00000348849	0	0	0	0	0.053	0	0	0.242	0.252
ERBB3	IL2RA	9606.ENSP00000267101	9606.ENSP00000369293	0	0	0	0	0	0	0	0.260	0.260
ERBB3	SUOX	9606.ENSP00000267101	9606.ENSP00000377668	0	0	0	0	0.062	0	0	0.264	0.280
ERBB3	RAB5B	9606.ENSP00000267101	9606.ENSP00000353444	0	0	0	0	0	0	0	0.281	0.281
ERBB3	GNAS	9606.ENSP00000267101	9606.ENSP00000360141	0	0	0	0	0	0.063	0	0.273	0.289
ERBB3	TAGAP	9606.ENSP00000267101	9606.ENSP00000356033	0	0	0	0	0	0	0	0.306	0.306
ERBB3	TGFBR2	9606.ENSP00000267101	9606.ENSP00000351905	0	0	0	0	0	0.107	0	0.275	0.325
ERBB3	GATA3	9606.ENSP00000267101	9606.ENSP00000368632	0	0	0	0	0.062	0	0	0.329	0.344
ERBB3	FOS	9606.ENSP00000267101	9606.ENSP00000306245	0	0	0	0	0	0.062	0	0.333	0.348
ERBB3	ETS2	9606.ENSP00000267101	9606.ENSP00000353344	0	0	0	0	0	0.126	0	0.298	0.361
ERBB3	ETS1	9606.ENSP00000267101	9606.ENSP00000376436	0	0	0	0	0	0.126	0	0.323	0.383
ERBB3	SYK	9606.ENSP00000267101	9606.ENSP00000364907	0	0	0	0.649	0	0.360	0	0.216	0.401
ERBB3	MMP9	9606.ENSP00000267101	9606.ENSP00000361405	0	0	0	0	0	0	0	0.406	0.406
ERBB3	TGFBR1	9606.ENSP00000267101	9606.ENSP00000364133	0	0	0	0	0.049	0.174	0	0.322	0.420
ERBB3	ITK	9606.ENSP00000267101	9606.ENSP00000398655	0	0	0	0.638	0	0.444	0	0.148	0.466
ERBB3	PTPN22	9606.ENSP00000267101	9606.ENSP00000352833	0	0	0	0	0	0.150	0	0.406	0.473
ERBB3	FGF21	9606.ENSP00000267101	9606.ENSP00000471477	0	0	0	0	0	0	0.600	0.123	0.634
ERBB3	MUC1	9606.ENSP00000267101	9606.ENSP00000484824	0	0	0	0	0.065	0.462	0	0.465	0.707
ERBB3	PARK7	9606.ENSP00000267101	9606.ENSP00000418770	0	0	0	0	0	0	0	0.821	0.821
ERBB3	JAK2	9606.ENSP00000267101	9606.ENSP00000371067	0	0	0	0.568	0	0.302	0.900	0.505	0.942
ERBB3	GRB2	9606.ENSP00000267101	9606.ENSP00000376345	0	0	0	0	0	0.948	0.900	0.944	0.999
ESRRA	KEAP1	9606.ENSP00000384851	9606.ENSP00000171111	0	0	0	0	0.081	0.056	0	0.190	0.236
ESRRA	HMOX1	9606.ENSP00000384851	9606.ENSP00000216117	0	0	0	0	0.076	0	0	0.243	0.270
ESRRA	RPS6KB1	9606.ENSP00000384851	9606.ENSP00000225577	0	0	0	0	0	0.068	0	0.252	0.273
ESRRA	KAT2A	9606.ENSP00000384851	9606.ENSP00000225916	0	0	0	0	0.077	0.102	0	0.298	0.367
ESRRA	WIZ	9606.ENSP00000384851	9606.ENSP00000263381	0	0	0	0	0.065	0.147	0	0	0.168
ESRRA	STAT3	9606.ENSP00000384851	9606.ENSP00000264657	0	0	0	0	0	0.056	0	0.284	0.295
ESRRA	FADS3	9606.ENSP00000384851	9606.ENSP00000278829	0	0	0	0	0	0.056	0	0.186	0.199
ESRRA	FADS2	9606.ENSP00000384851	9606.ENSP00000278840	0	0	0	0	0	0.056	0	0.157	0.170
ESRRA	MED7	9606.ENSP00000384851	9606.ENSP00000286317	0	0	0	0	0	0.147	0	0.047	0.152
ESRRA	STAT6	9606.ENSP00000384851	9606.ENSP00000300134	0	0	0	0	0	0.056	0	0.170	0.183
ESRRA	FOS	9606.ENSP00000384851	9606.ENSP00000306245	0	0	0	0	0	0.082	0	0.409	0.434
ESRRA	FADS1	9606.ENSP00000384851	9606.ENSP00000322229	0	0	0	0	0	0.056	0	0.138	0.151
ESRRA	IKZF1	9606.ENSP00000384851	9606.ENSP00000331614	0	0	0	0	0	0.076	0	0.132	0.163
ESRRA	RPS6KA4	9606.ENSP00000384851	9606.ENSP00000333896	0	0	0	0	0.177	0.056	0	0.071	0.215
ESRRA	TCF7	9606.ENSP00000384851	9606.ENSP00000340347	0	0	0	0	0	0.133	0	0.141	0.223
ESRRA	IKZF3	9606.ENSP00000384851	9606.ENSP00000344544	0	0	0	0	0	0.076	0	0.212	0.241
ESRRA	ETS2	9606.ENSP00000384851	9606.ENSP00000353344	0	0	0	0	0.070	0.062	0	0.173	0.215
ESRRA	MMP9	9606.ENSP00000384851	9606.ENSP00000361405	0	0	0	0	0	0	0	0.181	0.181
ESRRA	PKIG	9606.ENSP00000384851	9606.ENSP00000361980	0	0	0	0	0	0	0	0.174	0.173
ESRRA	GATA3	9606.ENSP00000384851	9606.ENSP00000368632	0	0	0	0	0	0.070	0	0.150	0.175
ESRRA	ETS1	9606.ENSP00000384851	9606.ENSP00000376436	0	0	0	0	0	0.062	0	0.411	0.424
ESRRA	KSR1	9606.ENSP00000384851	9606.ENSP00000381958	0	0	0	0	0	0.102	0	0.157	0.210
ESRRA	IL10	9606.ENSP00000384851	9606.ENSP00000412237	0	0	0	0	0	0	0	0.151	0.151
ESRRA	MXD3	9606.ENSP00000384851	9606.ENSP00000401867	0	0	0	0	0	0.069	0	0.205	0.228
ESRRA	SESN3	9606.ENSP00000384851	9606.ENSP00000441927	0	0	0	0	0.062	0	0	0.216	0.233
ESRRA	FGF21	9606.ENSP00000384851	9606.ENSP00000471477	0	0	0	0	0	0	0	0.241	0.241
ESRRA	WDR36	9606.ENSP00000384851	9606.ENSP00000423067	0	0	0	0	0	0.271	0	0.055	0.281
ESRRA	TEX40	9606.ENSP00000384851	9606.ENSP00000443917	0	0	0	0	0	0	0	0.455	0.455
ETS1	ICAM3	9606.ENSP00000376436	9606.ENSP00000160262	0	0	0	0	0.062	0	0	0.134	0.153
ETS1	HMOX1	9606.ENSP00000376436	9606.ENSP00000216117	0	0	0	0	0	0	0	0.170	0.169
ETS1	IL2RB	9606.ENSP00000376436	9606.ENSP00000216223	0	0	0	0	0.108	0	0	0.280	0.330
ETS1	PIK3R2	9606.ENSP00000376436	9606.ENSP00000222254	0	0	0	0	0	0	0	0.226	0.226
ETS1	RPS6KB1	9606.ENSP00000376436	9606.ENSP00000225577	0	0	0	0	0	0	0	0.158	0.158
ETS1	KAT2A	9606.ENSP00000376436	9606.ENSP00000225916	0	0	0	0	0	0.058	0	0.195	0.209
ETS1	IL4	9606.ENSP00000376436	9606.ENSP00000231449	0	0	0	0	0	0	0.900	0.321	0.929
ETS1	IL1RL1	9606.ENSP00000376436	9606.ENSP00000233954	0	0	0	0	0.062	0	0	0.163	0.181
ETS1	IRF1	9606.ENSP00000376436	9606.ENSP00000245414	0	0	0	0	0.095	0	0	0.459	0.489
ETS1	GRHL2	9606.ENSP00000376436	9606.ENSP00000251808	0	0	0	0	0	0.071	0	0.223	0.248
ETS1	HNF1A	9606.ENSP00000376436	9606.ENSP00000257555	0	0	0	0	0	0	0	0.206	0.206
ETS1	IKZF4	9606.ENSP00000376436	9606.ENSP00000262032	0	0	0	0	0	0.057	0	0.181	0.194
ETS1	NOX4	9606.ENSP00000376436	9606.ENSP00000263317	0	0	0	0	0	0	0	0.183	0.183
ETS1	STAT3	9606.ENSP00000376436	9606.ENSP00000264657	0	0	0	0	0	0	0	0.625	0.625
ETS1	FOSL2	9606.ENSP00000376436	9606.ENSP00000264716	0	0	0	0	0.062	0	0	0.327	0.342
ETS1	SLC15A4	9606.ENSP00000376436	9606.ENSP00000266771	0	0	0	0	0	0	0	0.306	0.306
ETS1	IRF8	9606.ENSP00000376436	9606.ENSP00000268638	0	0	0	0	0.062	0	0	0.522	0.533
ETS1	HHEX	9606.ENSP00000376436	9606.ENSP00000282728	0	0	0	0	0.062	0	0	0.222	0.239
ETS1	SOX8	9606.ENSP00000376436	9606.ENSP00000293894	0	0	0	0	0	0.067	0	0.416	0.432
ETS1	PF4	9606.ENSP00000376436	9606.ENSP00000296029	0	0	0	0	0	0	0	0.180	0.179
ETS1	STAT6	9606.ENSP00000376436	9606.ENSP00000300134	0	0	0	0	0.088	0.213	0.900	0.475	0.957
ETS1	IL13	9606.ENSP00000376436	9606.ENSP00000304915	0	0	0	0	0	0	0	0.268	0.268
ETS1	IL7R	9606.ENSP00000376436	9606.ENSP00000306157	0	0	0	0	0.142	0	0	0.391	0.455
ETS1	FOS	9606.ENSP00000376436	9606.ENSP00000306245	0	0	0	0	0.062	0.213	0.900	0.711	0.975
ETS1	TNIP1	9606.ENSP00000376436	9606.ENSP00000317891	0	0	0	0	0	0	0	0.338	0.338
ETS1	IL23R	9606.ENSP00000376436	9606.ENSP00000321345	0	0	0	0	0	0	0	0.261	0.261
ETS1	SMARCE1	9606.ENSP00000376436	9606.ENSP00000323967	0	0	0	0	0.062	0.153	0	0.072	0.198
ETS1	IKZF1	9606.ENSP00000376436	9606.ENSP00000331614	0	0	0	0	0.096	0.057	0	0.586	0.616
ETS1	TCF7	9606.ENSP00000376436	9606.ENSP00000340347	0	0	0	0	0.097	0	0	0.404	0.439
ETS1	NKX2-3	9606.ENSP00000376436	9606.ENSP00000342828	0	0	0	0	0	0.072	0	0.342	0.364
ETS1	IKZF3	9606.ENSP00000376436	9606.ENSP00000344544	0	0	0	0	0.098	0.057	0	0.370	0.417
ETS1	TNFRSF14	9606.ENSP00000376436	9606.ENSP00000347948	0	0	0	0	0.088	0	0	0.112	0.155
ETS1	IRF5	9606.ENSP00000376436	9606.ENSP00000349770	0	0	0	0	0	0	0	0.496	0.496
ETS1	TGFBR2	9606.ENSP00000376436	9606.ENSP00000351905	0	0	0	0	0.107	0.060	0	0.273	0.337
ETS1	PTPN22	9606.ENSP00000376436	9606.ENSP00000352833	0	0	0	0	0.070	0.070	0	0.240	0.285
ETS1	ETS2	9606.ENSP00000376436	9606.ENSP00000353344	0	0	0	0.934	0	0.270	0.900	0.911	0.928
ETS1	TAGAP	9606.ENSP00000376436	9606.ENSP00000356033	0	0	0	0	0.069	0	0	0.194	0.217
ETS1	FASLG	9606.ENSP00000376436	9606.ENSP00000356694	0	0	0	0	0	0	0	0.169	0.169
ETS1	FCGR3A	9606.ENSP00000376436	9606.ENSP00000356946	0	0	0	0	0	0	0	0.194	0.194
ETS1	MMP9	9606.ENSP00000376436	9606.ENSP00000361405	0	0	0	0	0.062	0	0	0.504	0.514
ETS1	PLAU	9606.ENSP00000376436	9606.ENSP00000361850	0	0	0	0	0	0	0	0.410	0.410
ETS1	TRAF1	9606.ENSP00000376436	9606.ENSP00000362994	0	0	0	0	0.088	0	0	0.139	0.181
ETS1	TGFBR1	9606.ENSP00000376436	9606.ENSP00000364133	0	0	0	0	0.062	0.060	0	0.271	0.301
ETS1	SYK	9606.ENSP00000376436	9606.ENSP00000364907	0	0	0	0	0	0.060	0	0.166	0.182
ETS1	GATA3	9606.ENSP00000376436	9606.ENSP00000368632	0	0	0	0	0.049	0.269	0	0.740	0.804
ETS1	IL2RA	9606.ENSP00000376436	9606.ENSP00000369293	0	0	0	0	0.060	0	0	0.295	0.308
ETS1	JAK2	9606.ENSP00000376436	9606.ENSP00000371067	0	0	0	0	0	0.060	0	0.246	0.261
ETS1	GRB2	9606.ENSP00000376436	9606.ENSP00000376345	0	0	0	0	0	0	0	0.189	0.189
ETS1	ZBTB38	9606.ENSP00000376436	9606.ENSP00000426387	0	0	0	0	0.062	0.057	0	0.118	0.151
ETS1	IL18R1	9606.ENSP00000376436	9606.ENSP00000387211	0	0	0	0	0.069	0	0	0.142	0.167
ETS1	MUC1	9606.ENSP00000376436	9606.ENSP00000484824	0	0	0	0	0	0	0	0.170	0.170
ETS1	ITGA4	9606.ENSP00000376436	9606.ENSP00000380227	0	0	0	0	0.107	0	0	0.128	0.189
ETS1	KSR1	9606.ENSP00000376436	9606.ENSP00000381958	0	0	0	0	0	0.105	0	0.137	0.194
ETS1	ZNF300	9606.ENSP00000376436	9606.ENSP00000397178	0	0	0	0	0	0.057	0	0.214	0.227
ETS1	IRF7	9606.ENSP00000376436	9606.ENSP00000380697	0	0	0	0	0.054	0	0	0.218	0.228
ETS1	ITK	9606.ENSP00000376436	9606.ENSP00000398655	0	0	0	0	0.117	0.060	0	0.218	0.294
ETS1	UBE2L3	9606.ENSP00000376436	9606.ENSP00000400906	0	0	0	0	0	0.078	0	0.289	0.316
ETS1	IL10	9606.ENSP00000376436	9606.ENSP00000412237	0	0	0	0	0	0	0	0.322	0.321
ETS1	PTPRC	9606.ENSP00000376436	9606.ENSP00000411355	0	0	0	0	0.108	0.070	0	0.310	0.378
ETS2	PIK3R2	9606.ENSP00000353344	9606.ENSP00000222254	0	0	0	0	0	0	0	0.216	0.216
ETS2	IL4	9606.ENSP00000353344	9606.ENSP00000231449	0	0	0	0	0	0	0	0.157	0.156
ETS2	IRF1	9606.ENSP00000353344	9606.ENSP00000245414	0	0	0	0	0.062	0	0	0.500	0.511
ETS2	GRHL2	9606.ENSP00000353344	9606.ENSP00000251808	0	0	0	0	0	0.071	0	0.188	0.214
ETS2	HNF1A	9606.ENSP00000353344	9606.ENSP00000257555	0	0	0	0	0	0	0	0.185	0.185
ETS2	STAT3	9606.ENSP00000353344	9606.ENSP00000264657	0	0	0	0	0	0	0	0.325	0.325
ETS2	FOSL2	9606.ENSP00000353344	9606.ENSP00000264716	0	0	0	0	0.102	0	0	0.272	0.319
ETS2	IRF8	9606.ENSP00000353344	9606.ENSP00000268638	0	0	0	0	0.049	0	0	0.466	0.471
ETS2	HHEX	9606.ENSP00000353344	9606.ENSP00000282728	0	0	0	0	0.065	0	0	0.191	0.211
ETS2	SAMSN1	9606.ENSP00000353344	9606.ENSP00000285670	0	0	0	0	0	0	0	0.218	0.218
ETS2	NAB2	9606.ENSP00000353344	9606.ENSP00000300131	0	0	0	0	0.062	0	0	0.278	0.293
ETS2	STAT6	9606.ENSP00000353344	9606.ENSP00000300134	0	0	0	0	0.062	0	0	0.180	0.198
ETS2	IL7R	9606.ENSP00000353344	9606.ENSP00000306157	0	0	0	0	0	0	0	0.154	0.153
ETS2	FOS	9606.ENSP00000353344	9606.ENSP00000306245	0	0	0	0	0.063	0.270	0.900	0.693	0.976
ETS2	HAVCR2	9606.ENSP00000353344	9606.ENSP00000312002	0	0	0	0	0	0	0	0.192	0.192
ETS2	SMARCE1	9606.ENSP00000353344	9606.ENSP00000323967	0	0	0	0	0.062	0.182	0	0.148	0.289
ETS2	IKZF1	9606.ENSP00000353344	9606.ENSP00000331614	0	0	0	0	0.062	0.057	0	0.211	0.241
ETS2	RPS6KA4	9606.ENSP00000353344	9606.ENSP00000333896	0	0	0	0	0.077	0.056	0	0.145	0.190
ETS2	TCF7	9606.ENSP00000353344	9606.ENSP00000340347	0	0	0	0	0.056	0	0	0.185	0.197
ETS2	NKX2-3	9606.ENSP00000353344	9606.ENSP00000342828	0	0	0	0	0	0.072	0	0.332	0.354
ETS2	IKZF3	9606.ENSP00000353344	9606.ENSP00000344544	0	0	0	0	0.062	0.057	0	0.123	0.156
ETS2	TGFBR2	9606.ENSP00000353344	9606.ENSP00000351905	0	0	0	0	0.100	0.080	0	0.181	0.263
ETS2	GRB2	9606.ENSP00000353344	9606.ENSP00000376345	0	0	0	0	0	0	0	0.173	0.173
ETS2	KSR1	9606.ENSP00000353344	9606.ENSP00000381958	0	0	0	0	0	0.105	0	0.115	0.174
ETS2	PTPRC	9606.ENSP00000353344	9606.ENSP00000411355	0	0	0	0	0.062	0.070	0	0.134	0.178
ETS2	IL10	9606.ENSP00000353344	9606.ENSP00000412237	0	0	0	0	0	0	0	0.182	0.181
ETS2	JAK2	9606.ENSP00000353344	9606.ENSP00000371067	0	0	0	0	0.056	0.060	0	0.159	0.189
ETS2	TGFBR1	9606.ENSP00000353344	9606.ENSP00000364133	0	0	0	0	0	0.060	0	0.184	0.200
ETS2	ZBTB38	9606.ENSP00000353344	9606.ENSP00000426387	0	0	0	0	0.049	0.057	0	0.206	0.226
ETS2	IRF7	9606.ENSP00000353344	9606.ENSP00000380697	0	0	0	0	0.062	0	0	0.222	0.239
ETS2	PLAU	9606.ENSP00000353344	9606.ENSP00000361850	0	0	0	0	0.065	0	0	0.290	0.307
ETS2	MMP9	9606.ENSP00000353344	9606.ENSP00000361405	0	0	0	0	0.074	0	0	0.393	0.414
ETS2	ZNF300	9606.ENSP00000353344	9606.ENSP00000397178	0	0	0	0	0	0.057	0	0.451	0.461
ETS2	GATA3	9606.ENSP00000353344	9606.ENSP00000368632	0	0	0	0	0.049	0.269	0	0.686	0.763
EVI5	RASIP1	9606.ENSP00000359356	9606.ENSP00000222145	0	0	0	0	0	0	0	0.232	0.232
EVI5	IRF8	9606.ENSP00000359356	9606.ENSP00000268638	0	0	0	0	0	0	0	0.233	0.232
EVI5	IL22RA2	9606.ENSP00000359356	9606.ENSP00000296980	0	0	0	0	0	0	0	0.266	0.266
EVI5	IL7R	9606.ENSP00000359356	9606.ENSP00000306157	0	0	0	0	0	0	0	0.324	0.323
EVI5	IKZF1	9606.ENSP00000359356	9606.ENSP00000331614	0	0	0	0	0	0	0	0.167	0.167
EVI5	RGS1	9606.ENSP00000359356	9606.ENSP00000356429	0	0	0	0	0	0	0	0.310	0.309
EVI5	TMEM258	9606.ENSP00000359356	9606.ENSP00000443216	0	0	0	0	0	0	0	0.167	0.167
EVI5	KIF21B	9606.ENSP00000359356	9606.ENSP00000411831	0	0	0	0	0.064	0	0	0.153	0.174
EVI5	IL2RA	9606.ENSP00000359356	9606.ENSP00000369293	0	0	0	0	0	0	0	0.392	0.392
EXTL2	GNA12	9606.ENSP00000359132	9606.ENSP00000275364	0	0	0	0	0	0	0	0.273	0.273
EXTL2	GALNT10	9606.ENSP00000359132	9606.ENSP00000297107	0	0	0	0	0	0.059	0	0.169	0.185
EXTL2	NDST2	9606.ENSP00000359132	9606.ENSP00000310657	0	0	0	0	0.053	0.139	0	0.524	0.578
EXTL2	FUT1	9606.ENSP00000359132	9606.ENSP00000312021	0	0	0	0	0	0	0	0.186	0.186
EXTL2	RAB5B	9606.ENSP00000359132	9606.ENSP00000353444	0	0	0	0	0.049	0	0	0.157	0.164
FADS1	SLC22A4	9606.ENSP00000322229	9606.ENSP00000200652	0	0	0	0	0	0	0	0.208	0.208
FADS1	PLIN3	9606.ENSP00000322229	9606.ENSP00000221957	0	0	0	0	0	0	0	0.205	0.205
FADS1	MYRF	9606.ENSP00000322229	9606.ENSP00000278836	0	0	0	0	0	0	0	0.427	0.427
FADS1	FADS2	9606.ENSP00000322229	9606.ENSP00000278840	0	0	0.437	0.965	0.652	0	0	0.915	0.668
FADS1	HHEX	9606.ENSP00000322229	9606.ENSP00000282728	0	0	0	0	0	0	0	0.181	0.181
FADS1	JAZF1	9606.ENSP00000322229	9606.ENSP00000283928	0	0	0	0	0	0	0	0.293	0.293
FADS1	FEN1	9606.ENSP00000322229	9606.ENSP00000305480	0	0	0	0	0.096	0	0	0.340	0.377
FADS1	PPP1R3B	9606.ENSP00000322229	9606.ENSP00000308318	0	0	0	0	0	0	0	0.370	0.370
FADS1	FDX1L	9606.ENSP00000322229	9606.ENSP00000377311	0.123	0	0	0	0	0	0	0.079	0.157
FADS1	IL10	9606.ENSP00000322229	9606.ENSP00000412237	0	0	0	0	0	0	0	0.162	0.162
FADS1	MTX1	9606.ENSP00000322229	9606.ENSP00000357360	0	0	0	0	0	0	0	0.170	0.170
FADS1	SUOX	9606.ENSP00000322229	9606.ENSP00000377668	0	0	0	0	0	0	0	0.171	0.171
FADS1	THADA	9606.ENSP00000322229	9606.ENSP00000385995	0	0	0	0	0	0	0	0.175	0.175
FADS1	FGF21	9606.ENSP00000322229	9606.ENSP00000471477	0	0	0	0	0	0	0	0.181	0.181
FADS1	ORMDL3	9606.ENSP00000322229	9606.ENSP00000377724	0	0	0	0	0.062	0	0	0.212	0.229
FADS1	TMEM258	9606.ENSP00000322229	9606.ENSP00000443216	0	0	0	0	0	0	0	0.632	0.632
FADS2	PLIN3	9606.ENSP00000278840	9606.ENSP00000221957	0	0	0	0	0	0	0	0.212	0.212
FADS2	SLC22A5	9606.ENSP00000278840	9606.ENSP00000245407	0	0	0	0	0	0	0	0.199	0.199
FADS2	MYRF	9606.ENSP00000278840	9606.ENSP00000278836	0	0	0	0	0	0	0	0.426	0.426
FADS2	FDX1L	9606.ENSP00000278840	9606.ENSP00000377311	0.123	0	0	0	0	0	0	0.079	0.157
FADS2	IL10	9606.ENSP00000278840	9606.ENSP00000412237	0	0	0	0	0	0	0	0.162	0.162
FADS2	SYNGR1	9606.ENSP00000278840	9606.ENSP00000332287	0	0	0	0	0.061	0	0	0.148	0.165
FADS2	SUOX	9606.ENSP00000278840	9606.ENSP00000377668	0	0	0	0	0	0	0	0.186	0.186
FADS2	FUT2	9606.ENSP00000278840	9606.ENSP00000387498	0	0	0	0	0	0	0	0.206	0.206
FADS2	PHOSPHO1	9606.ENSP00000278840	9606.ENSP00000406909	0	0	0	0	0.062	0	0	0.194	0.212
FADS2	TMPRSS6	9606.ENSP00000278840	9606.ENSP00000371211	0	0	0	0	0	0	0	0.218	0.218
FADS2	GPX4	9606.ENSP00000278840	9606.ENSP00000346103	0	0	0	0	0.049	0	0	0.213	0.220
FADS2	FGF21	9606.ENSP00000278840	9606.ENSP00000471477	0	0	0	0	0	0	0	0.232	0.231
FADS2	PPP1R3B	9606.ENSP00000278840	9606.ENSP00000308318	0	0	0	0	0	0	0	0.293	0.293
FADS2	FEN1	9606.ENSP00000278840	9606.ENSP00000305480	0	0	0	0	0	0	0	0.344	0.343
FADS2	TMEM258	9606.ENSP00000278840	9606.ENSP00000443216	0	0	0	0	0	0	0	0.602	0.602
FADS3	RASIP1	9606.ENSP00000278829	9606.ENSP00000222145	0	0	0	0	0	0	0	0.163	0.163
FADS3	FDX1L	9606.ENSP00000278829	9606.ENSP00000377311	0.123	0	0	0	0	0	0	0.079	0.157
FADS3	SUOX	9606.ENSP00000278829	9606.ENSP00000377668	0	0	0	0	0	0	0	0.248	0.248
FADS3	FEN1	9606.ENSP00000278829	9606.ENSP00000305480	0	0	0	0	0	0	0	0.377	0.377
FADS3	TMEM258	9606.ENSP00000278829	9606.ENSP00000443216	0	0	0	0	0	0	0	0.466	0.465
FADS3	MYRF	9606.ENSP00000278829	9606.ENSP00000278836	0	0	0	0	0	0	0	0.558	0.558
FAP	NFE2L3	9606.ENSP00000188790	9606.ENSP00000056233	0	0	0	0	0	0	0	0.156	0.156
FAP	SCT	9606.ENSP00000188790	9606.ENSP00000176195	0	0	0	0	0	0	0	0.192	0.192
FAP	GNA12	9606.ENSP00000188790	9606.ENSP00000275364	0	0	0	0	0	0.163	0	0	0.163
FAP	TGFBR2	9606.ENSP00000188790	9606.ENSP00000351905	0	0	0	0	0.089	0	0	0.120	0.165
FAP	SLC26A3	9606.ENSP00000188790	9606.ENSP00000345873	0	0	0	0	0.062	0	0	0.161	0.179
FAP	GNAS	9606.ENSP00000188790	9606.ENSP00000360141	0	0	0	0	0.065	0.142	0	0.063	0.182
FAP	PF4	9606.ENSP00000188790	9606.ENSP00000296029	0	0	0	0	0	0	0	0.189	0.189
FAP	NOX4	9606.ENSP00000188790	9606.ENSP00000263317	0	0	0	0	0.182	0	0	0.055	0.193
FAP	OSMR	9606.ENSP00000188790	9606.ENSP00000274276	0	0	0	0	0.111	0	0	0.133	0.196
FAP	IL4	9606.ENSP00000188790	9606.ENSP00000231449	0	0	0	0	0	0	0	0.196	0.196
FAP	MUC1	9606.ENSP00000188790	9606.ENSP00000484824	0	0	0	0	0	0	0	0.202	0.202
FAP	STAT3	9606.ENSP00000188790	9606.ENSP00000264657	0	0	0	0	0	0	0	0.217	0.217
FAP	FGF21	9606.ENSP00000188790	9606.ENSP00000471477	0	0	0	0	0	0	0	0.224	0.224
FAP	IL10	9606.ENSP00000188790	9606.ENSP00000412237	0	0	0	0	0	0	0	0.226	0.226
FAP	PARK7	9606.ENSP00000188790	9606.ENSP00000418770	0	0	0	0	0.062	0	0	0.227	0.243
FAP	P4HA2	9606.ENSP00000188790	9606.ENSP00000384999	0	0	0	0	0.152	0	0	0.190	0.284
FAP	WISP1	9606.ENSP00000188790	9606.ENSP00000250160	0	0	0	0	0.214	0	0	0.128	0.285
FAP	PLAU	9606.ENSP00000188790	9606.ENSP00000361850	0	0	0	0	0.083	0	0	0.264	0.296
FAP	PTPRC	9606.ENSP00000188790	9606.ENSP00000411355	0	0	0	0	0.059	0	0	0.335	0.347
FAP	MMP9	9606.ENSP00000188790	9606.ENSP00000361405	0	0	0	0	0	0	0	0.361	0.361
FAP	SLC9A3	9606.ENSP00000188790	9606.ENSP00000264938	0	0	0	0	0.062	0	0	0.360	0.374
FASLG	ICAM3	9606.ENSP00000356694	9606.ENSP00000160262	0	0	0	0	0	0	0	0.173	0.173
FASLG	KEAP1	9606.ENSP00000356694	9606.ENSP00000171111	0	0	0	0	0	0	0	0.194	0.194
FASLG	HMOX1	9606.ENSP00000356694	9606.ENSP00000216117	0	0	0	0	0	0	0	0.325	0.325
FASLG	IL2RB	9606.ENSP00000356694	9606.ENSP00000216223	0	0	0	0	0.183	0	0	0.413	0.499
FASLG	RPS6KB1	9606.ENSP00000356694	9606.ENSP00000225577	0	0	0	0	0	0	0	0.263	0.263
FASLG	IL4	9606.ENSP00000356694	9606.ENSP00000231449	0	0	0	0	0	0	0	0.611	0.611
FASLG	IRF1	9606.ENSP00000356694	9606.ENSP00000245414	0	0	0	0	0.069	0	0	0.310	0.330
FASLG	TICAM1	9606.ENSP00000356694	9606.ENSP00000248244	0	0	0	0	0	0	0	0.177	0.177
FASLG	LIF	9606.ENSP00000356694	9606.ENSP00000249075	0	0	0	0	0	0	0	0.181	0.181
FASLG	IL12RB2	9606.ENSP00000356694	9606.ENSP00000262345	0	0	0	0	0	0	0	0.211	0.211
FASLG	IL18RAP	9606.ENSP00000356694	9606.ENSP00000264260	0	0	0	0	0.123	0	0	0.195	0.263
FASLG	STAT3	9606.ENSP00000356694	9606.ENSP00000264657	0	0	0	0	0	0	0.900	0.520	0.949
FASLG	IRF8	9606.ENSP00000356694	9606.ENSP00000268638	0	0	0	0	0.069	0	0	0.181	0.204
FASLG	FCGR2A	9606.ENSP00000356694	9606.ENSP00000271450	0	0	0	0	0	0	0	0.278	0.278
FASLG	SAMSN1	9606.ENSP00000356694	9606.ENSP00000285670	0	0	0	0	0.066	0.128	0	0	0.150
FASLG	IFNGR2	9606.ENSP00000356694	9606.ENSP00000290219	0	0	0	0	0	0	0	0.151	0.151
FASLG	PPBP	9606.ENSP00000356694	9606.ENSP00000296028	0	0	0	0	0.083	0	0	0.262	0.294
FASLG	PF4	9606.ENSP00000356694	9606.ENSP00000296029	0	0	0	0	0	0	0	0.168	0.167
FASLG	STAT6	9606.ENSP00000356694	9606.ENSP00000300134	0	0	0	0	0	0	0	0.255	0.254
FASLG	NOD2	9606.ENSP00000356694	9606.ENSP00000300589	0	0	0	0	0.065	0	0	0.231	0.250
FASLG	IL16	9606.ENSP00000356694	9606.ENSP00000302935	0	0	0	0	0.062	0	0	0.269	0.285
FASLG	IL13	9606.ENSP00000356694	9606.ENSP00000304915	0	0	0	0	0	0	0	0.503	0.503
FASLG	IL7R	9606.ENSP00000356694	9606.ENSP00000306157	0	0	0	0	0.083	0	0	0.427	0.452
FASLG	FOS	9606.ENSP00000356694	9606.ENSP00000306245	0	0	0	0	0	0	0	0.391	0.390
FASLG	HAVCR2	9606.ENSP00000356694	9606.ENSP00000312002	0	0	0	0	0.076	0	0	0.504	0.522
FASLG	MALT1	9606.ENSP00000356694	9606.ENSP00000319279	0	0	0	0	0	0	0	0.180	0.180
FASLG	IL23R	9606.ENSP00000356694	9606.ENSP00000321345	0	0	0	0	0	0	0	0.214	0.214
FASLG	IKZF1	9606.ENSP00000356694	9606.ENSP00000331614	0	0	0	0	0.065	0	0	0.134	0.155
FASLG	TCF7	9606.ENSP00000356694	9606.ENSP00000340347	0	0	0	0	0	0	0	0.213	0.213
FASLG	IL19	9606.ENSP00000356694	9606.ENSP00000343000	0	0	0	0	0	0	0	0.161	0.161
FASLG	TNFRSF14	9606.ENSP00000356694	9606.ENSP00000347948	0	0	0	0	0	0	0	0.391	0.390
FASLG	IRF5	9606.ENSP00000356694	9606.ENSP00000349770	0	0	0	0	0	0	0	0.184	0.183
FASLG	TGFBR2	9606.ENSP00000356694	9606.ENSP00000351905	0	0	0	0	0	0	0	0.218	0.218
FASLG	PTPN22	9606.ENSP00000356694	9606.ENSP00000352833	0	0	0	0	0.070	0	0	0.146	0.172
FASLG	TNFSF14	9606.ENSP00000356694	9606.ENSP00000469049	0	0	0	0.700	0.069	0	0	0.325	0.151
FASLG	FCRL3	9606.ENSP00000356694	9606.ENSP00000357167	0	0	0	0	0.110	0	0	0.108	0.172
FASLG	TNFRSF11A	9606.ENSP00000356694	9606.ENSP00000465500	0	0	0	0	0	0	0	0.174	0.173
FASLG	TGFBR1	9606.ENSP00000356694	9606.ENSP00000364133	0	0	0	0	0	0	0	0.180	0.179
FASLG	PLAU	9606.ENSP00000356694	9606.ENSP00000361850	0	0	0	0	0	0	0	0.183	0.183
FASLG	TNFSF15	9606.ENSP00000356694	9606.ENSP00000363157	0	0	0	0.663	0	0	0	0.594	0.227
FASLG	IRF7	9606.ENSP00000356694	9606.ENSP00000380697	0	0	0	0	0	0	0	0.233	0.232
FASLG	IL18R1	9606.ENSP00000356694	9606.ENSP00000387211	0	0	0	0	0.056	0	0	0.263	0.274
FASLG	ITGA4	9606.ENSP00000356694	9606.ENSP00000380227	0	0	0	0	0	0	0	0.293	0.293
FASLG	PVR	9606.ENSP00000356694	9606.ENSP00000402060	0	0	0	0	0	0	0	0.321	0.321
FASLG	JAK2	9606.ENSP00000356694	9606.ENSP00000371067	0	0	0	0	0	0	0	0.324	0.323
FASLG	MUC1	9606.ENSP00000356694	9606.ENSP00000484824	0	0	0	0	0	0	0	0.334	0.334
FASLG	GATA3	9606.ENSP00000356694	9606.ENSP00000368632	0	0	0	0	0	0	0	0.335	0.335
FASLG	PMEL	9606.ENSP00000356694	9606.ENSP00000402758	0	0	0	0	0	0	0	0.368	0.368
FASLG	TRAF1	9606.ENSP00000356694	9606.ENSP00000362994	0	0	0	0	0	0	0	0.391	0.390
FASLG	MMP9	9606.ENSP00000356694	9606.ENSP00000361405	0	0	0	0	0	0	0	0.469	0.469
FASLG	ITGAX	9606.ENSP00000356694	9606.ENSP00000454623	0	0	0	0	0.069	0	0	0.456	0.471
FASLG	IL2RA	9606.ENSP00000356694	9606.ENSP00000369293	0	0	0	0	0.087	0	0	0.450	0.476
FASLG	PTPRC	9606.ENSP00000356694	9606.ENSP00000411355	0	0	0	0	0.088	0	0	0.508	0.532
FASLG	FCGR3A	9606.ENSP00000356694	9606.ENSP00000356946	0	0	0	0	0.082	0	0	0.556	0.574
FASLG	ITK	9606.ENSP00000356694	9606.ENSP00000398655	0	0	0	0	0.088	0.270	0	0.456	0.606
FASLG	IL10	9606.ENSP00000356694	9606.ENSP00000412237	0	0	0	0	0.062	0	0	0.684	0.690
FASLG	GRB2	9606.ENSP00000356694	9606.ENSP00000376345	0	0	0	0	0	0.678	0	0.235	0.743
FASLG	SYK	9606.ENSP00000356694	9606.ENSP00000364907	0	0	0	0	0	0	0.900	0.233	0.920
FBXO48	TAGAP	9606.ENSP00000367193	9606.ENSP00000356033	0	0	0	0	0	0	0	0.412	0.412
FBXO48	ITGA4	9606.ENSP00000367193	9606.ENSP00000380227	0	0	0	0	0	0	0	0.245	0.245
FCGR2A	ICAM3	9606.ENSP00000271450	9606.ENSP00000160262	0	0	0	0	0	0	0	0.325	0.325
FCGR2A	HMOX1	9606.ENSP00000271450	9606.ENSP00000216117	0	0	0	0	0	0	0	0.156	0.155
FCGR2A	IL2RB	9606.ENSP00000271450	9606.ENSP00000216223	0	0	0	0	0.088	0	0	0.424	0.453
FCGR2A	PIK3R2	9606.ENSP00000271450	9606.ENSP00000222254	0	0	0	0	0	0	0.600	0	0.600
FCGR2A	IL4	9606.ENSP00000271450	9606.ENSP00000231449	0	0	0	0	0	0	0	0.669	0.669
FCGR2A	IL1RL1	9606.ENSP00000271450	9606.ENSP00000233954	0	0	0	0	0	0	0	0.320	0.320
FCGR2A	LRP1	9606.ENSP00000271450	9606.ENSP00000243077	0	0	0	0	0	0	0	0.203	0.203
FCGR2A	IRF1	9606.ENSP00000271450	9606.ENSP00000245414	0	0	0	0	0.088	0	0	0.252	0.288
FCGR2A	TICAM1	9606.ENSP00000271450	9606.ENSP00000248244	0	0	0	0	0	0	0	0.161	0.161
FCGR2A	IL18RAP	9606.ENSP00000271450	9606.ENSP00000264260	0	0	0	0	0.137	0	0	0.179	0.262
FCGR2A	IL21	9606.ENSP00000271450	9606.ENSP00000264497	0	0	0	0	0	0	0	0.231	0.231
FCGR2A	STAT3	9606.ENSP00000271450	9606.ENSP00000264657	0	0	0	0	0	0	0	0.363	0.363
FCGR2A	GPR65	9606.ENSP00000271450	9606.ENSP00000267549	0	0	0	0	0.202	0	0	0.109	0.259
FCGR2A	IRF8	9606.ENSP00000271450	9606.ENSP00000268638	0	0	0	0	0.182	0	0	0.288	0.393
FCGR2A	IKZF3	9606.ENSP00000271450	9606.ENSP00000344544	0	0	0	0	0	0	0	0.160	0.159
FCGR2A	MUC1	9606.ENSP00000271450	9606.ENSP00000484824	0	0	0	0	0	0	0	0.161	0.161
FCGR2A	IFNGR2	9606.ENSP00000271450	9606.ENSP00000290219	0	0	0	0	0	0	0	0.162	0.162
FCGR2A	PVR	9606.ENSP00000271450	9606.ENSP00000402060	0	0	0	0	0	0	0	0.168	0.168
FCGR2A	IL18R1	9606.ENSP00000271450	9606.ENSP00000387211	0	0	0	0	0.065	0	0	0.150	0.171
FCGR2A	IRGM	9606.ENSP00000271450	9606.ENSP00000428220	0	0	0	0	0	0	0	0.171	0.171
FCGR2A	HP	9606.ENSP00000271450	9606.ENSP00000348170	0	0	0	0	0.062	0	0	0.154	0.172
FCGR2A	RGS1	9606.ENSP00000271450	9606.ENSP00000356429	0	0	0	0	0.159	0	0	0.057	0.173
FCGR2A	NRROS	9606.ENSP00000271450	9606.ENSP00000328625	0	0	0	0	0.175	0	0	0	0.175
FCGR2A	UBE2L3	9606.ENSP00000271450	9606.ENSP00000400906	0	0	0	0	0	0	0	0.180	0.179
FCGR2A	KIF21B	9606.ENSP00000271450	9606.ENSP00000411831	0	0	0	0	0	0	0	0.181	0.181
FCGR2A	TNFRSF14	9606.ENSP00000271450	9606.ENSP00000347948	0	0	0	0	0.088	0	0	0.150	0.191
FCGR2A	ITK	9606.ENSP00000271450	9606.ENSP00000398655	0	0	0	0	0.070	0	0	0.167	0.192
FCGR2A	SAMSN1	9606.ENSP00000271450	9606.ENSP00000285670	0	0	0	0	0.165	0	0	0.081	0.200
FCGR2A	TNFSF15	9606.ENSP00000271450	9606.ENSP00000363157	0	0	0	0	0	0	0	0.229	0.228
FCGR2A	PMEL	9606.ENSP00000271450	9606.ENSP00000402758	0	0	0	0	0.061	0	0	0.218	0.234
FCGR2A	IL16	9606.ENSP00000271450	9606.ENSP00000302935	0	0	0	0	0.117	0	0	0.169	0.235
FCGR2A	TRAF1	9606.ENSP00000271450	9606.ENSP00000362994	0	0	0	0	0.072	0	0	0.212	0.237
FCGR2A	TNIP1	9606.ENSP00000271450	9606.ENSP00000317891	0	0	0	0	0	0	0	0.243	0.243
FCGR2A	TGFBR2	9606.ENSP00000271450	9606.ENSP00000351905	0	0	0	0	0	0	0	0.244	0.243
FCGR2A	IFI30	9606.ENSP00000271450	9606.ENSP00000384886	0	0	0	0	0.230	0	0	0.060	0.245
FCGR2A	PPBP	9606.ENSP00000271450	9606.ENSP00000296028	0	0	0	0	0.138	0	0	0.171	0.254
FCGR2A	JAK2	9606.ENSP00000271450	9606.ENSP00000371067	0	0	0	0	0.065	0	0	0.235	0.254
FCGR2A	GRB2	9606.ENSP00000271450	9606.ENSP00000376345	0	0	0	0	0	0.118	0	0.195	0.259
FCGR2A	FCRL3	9606.ENSP00000271450	9606.ENSP00000357167	0	0	0	0.661	0.086	0	0	0.609	0.269
FCGR2A	IKZF1	9606.ENSP00000271450	9606.ENSP00000331614	0	0	0	0	0.146	0	0	0.195	0.283
FCGR2A	PADI4	9606.ENSP00000271450	9606.ENSP00000364597	0	0	0	0	0.076	0	0	0.265	0.291
FCGR2A	TSLP	9606.ENSP00000271450	9606.ENSP00000339804	0	0	0	0	0	0	0	0.294	0.294
FCGR2A	GPSM1	9606.ENSP00000271450	9606.ENSP00000392828	0	0	0	0	0	0	0	0.297	0.297
FCGR2A	RETNLB	9606.ENSP00000271450	9606.ENSP00000295755	0	0	0	0	0.049	0	0	0.299	0.305
FCGR2A	NKX2-3	9606.ENSP00000271450	9606.ENSP00000342828	0	0	0	0	0	0	0	0.306	0.306
FCGR2A	SLC9A4	9606.ENSP00000271450	9606.ENSP00000295269	0	0	0	0	0	0	0	0.306	0.306
FCGR2A	STAT6	9606.ENSP00000271450	9606.ENSP00000300134	0	0	0	0	0.071	0	0	0.285	0.308
FCGR2A	IL23R	9606.ENSP00000271450	9606.ENSP00000321345	0	0	0	0	0	0	0	0.310	0.309
FCGR2A	TAGAP	9606.ENSP00000271450	9606.ENSP00000356033	0	0	0	0	0.174	0	0	0.218	0.326
FCGR2A	MMP9	9606.ENSP00000271450	9606.ENSP00000361405	0	0	0	0	0.116	0	0	0.296	0.351
FCGR2A	IRF7	9606.ENSP00000271450	9606.ENSP00000380697	0	0	0	0	0.083	0	0	0.339	0.368
FCGR2A	GATA3	9606.ENSP00000271450	9606.ENSP00000368632	0	0	0	0	0	0	0	0.371	0.371
FCGR2A	NOD2	9606.ENSP00000271450	9606.ENSP00000300589	0	0	0	0	0.141	0	0	0.310	0.381
FCGR2A	PTPN22	9606.ENSP00000271450	9606.ENSP00000352833	0	0	0	0	0.096	0	0	0.419	0.452
FCGR2A	HAVCR2	9606.ENSP00000271450	9606.ENSP00000312002	0	0	0	0	0.161	0	0	0.393	0.469
FCGR2A	MARS2	9606.ENSP00000271450	9606.ENSP00000282276	0	0	0	0	0	0.481	0	0	0.481
FCGR2A	ITGA4	9606.ENSP00000271450	9606.ENSP00000380227	0	0	0	0	0.070	0	0	0.468	0.484
FCGR2A	IRF5	9606.ENSP00000271450	9606.ENSP00000349770	0	0	0	0	0.109	0	0	0.459	0.497
FCGR2A	IL13	9606.ENSP00000271450	9606.ENSP00000304915	0	0	0	0	0	0	0	0.566	0.566
FCGR2A	IL2RA	9606.ENSP00000271450	9606.ENSP00000369293	0	0	0	0	0.069	0	0	0.572	0.584
FCGR2A	IL7R	9606.ENSP00000271450	9606.ENSP00000306157	0	0	0	0	0.098	0	0	0.572	0.597
FCGR2A	HSPA6	9606.ENSP00000271450	9606.ENSP00000310219	0	0	0	0	0.242	0	0	0.531	0.629
FCGR2A	IL10	9606.ENSP00000271450	9606.ENSP00000412237	0	0	0	0	0.065	0	0	0.683	0.691
FCGR2A	FCGR3A	9606.ENSP00000271450	9606.ENSP00000356946	0	0	0	0.861	0.410	0	0.500	0.879	0.729
FCGR2A	PF4	9606.ENSP00000271450	9606.ENSP00000296029	0	0	0	0	0.105	0	0	0.822	0.834
FCGR2A	ITGAX	9606.ENSP00000271450	9606.ENSP00000454623	0	0	0	0	0.313	0	0	0.816	0.868
FCGR2A	PTPRC	9606.ENSP00000271450	9606.ENSP00000411355	0	0	0	0	0.260	0	0	0.828	0.868
FCGR2A	SYK	9606.ENSP00000271450	9606.ENSP00000364907	0	0	0	0	0.159	0.865	0.800	0.943	0.998
FCGR3A	ICAM3	9606.ENSP00000356946	9606.ENSP00000160262	0	0	0	0	0.062	0	0	0.325	0.340
FCGR3A	HMOX1	9606.ENSP00000356946	9606.ENSP00000216117	0	0	0	0	0.065	0	0	0.210	0.229
FCGR3A	IL2RB	9606.ENSP00000356946	9606.ENSP00000216223	0	0	0	0	0.110	0	0	0.528	0.562
FCGR3A	PIK3R2	9606.ENSP00000356946	9606.ENSP00000222254	0	0	0	0	0	0	0.600	0	0.600
FCGR3A	IL12B	9606.ENSP00000356946	9606.ENSP00000231228	0	0	0	0	0	0	0	0.177	0.177
FCGR3A	IL4	9606.ENSP00000356946	9606.ENSP00000231449	0	0	0	0	0	0	0	0.686	0.686
FCGR3A	IL1RL1	9606.ENSP00000356946	9606.ENSP00000233954	0	0	0	0	0	0	0	0.242	0.241
FCGR3A	LRP1	9606.ENSP00000356946	9606.ENSP00000243077	0	0	0	0	0.071	0	0	0.223	0.247
FCGR3A	IRF1	9606.ENSP00000356946	9606.ENSP00000245414	0	0	0	0	0.099	0	0	0.247	0.292
FCGR3A	LIF	9606.ENSP00000356946	9606.ENSP00000249075	0	0	0	0	0	0	0	0.156	0.155
FCGR3A	IL18RAP	9606.ENSP00000356946	9606.ENSP00000264260	0	0	0	0	0.322	0	0	0.171	0.413
FCGR3A	IL21	9606.ENSP00000356946	9606.ENSP00000264497	0	0	0	0	0	0	0	0.252	0.252
FCGR3A	STAT3	9606.ENSP00000356946	9606.ENSP00000264657	0	0	0	0	0	0	0	0.455	0.455
FCGR3A	GPR65	9606.ENSP00000356946	9606.ENSP00000267549	0	0	0	0	0.266	0	0	0.055	0.277
FCGR3A	IRF8	9606.ENSP00000356946	9606.ENSP00000268638	0	0	0	0	0.325	0	0	0.381	0.564
FCGR3A	SAMSN1	9606.ENSP00000356946	9606.ENSP00000285670	0	0	0	0	0.182	0	0	0	0.182
FCGR3A	RETNLB	9606.ENSP00000356946	9606.ENSP00000295755	0	0	0	0	0	0	0	0.240	0.239
FCGR3A	PPBP	9606.ENSP00000356946	9606.ENSP00000296028	0	0	0	0	0.189	0	0	0.209	0.331
FCGR3A	PF4	9606.ENSP00000356946	9606.ENSP00000296029	0	0	0	0	0.104	0	0	0.211	0.262
FCGR3A	STAT6	9606.ENSP00000356946	9606.ENSP00000300134	0	0	0	0	0	0	0	0.283	0.282
FCGR3A	NOD2	9606.ENSP00000356946	9606.ENSP00000300589	0	0	0	0	0.214	0	0	0.252	0.386
FCGR3A	IL16	9606.ENSP00000356946	9606.ENSP00000302935	0	0	0	0	0.179	0	0	0.181	0.298
FCGR3A	IL13	9606.ENSP00000356946	9606.ENSP00000304915	0	0	0	0	0	0	0	0.564	0.564
FCGR3A	PRKCB	9606.ENSP00000356946	9606.ENSP00000305355	0	0	0	0	0.139	0	0	0.076	0.170
FCGR3A	IL7R	9606.ENSP00000356946	9606.ENSP00000306157	0	0	0	0	0.104	0	0	0.701	0.720
FCGR3A	FOS	9606.ENSP00000356946	9606.ENSP00000306245	0	0	0	0	0.076	0	0	0.182	0.211
FCGR3A	HSPA6	9606.ENSP00000356946	9606.ENSP00000310219	0	0	0	0	0.212	0	0	0.150	0.301
FCGR3A	HAVCR2	9606.ENSP00000356946	9606.ENSP00000312002	0	0	0	0	0.164	0	0	0.563	0.619
FCGR3A	TNIP1	9606.ENSP00000356946	9606.ENSP00000317891	0	0	0	0	0	0	0	0.215	0.215
FCGR3A	IL23R	9606.ENSP00000356946	9606.ENSP00000321345	0	0	0	0	0	0	0	0.287	0.287
FCGR3A	IKZF1	9606.ENSP00000356946	9606.ENSP00000331614	0	0	0	0	0.156	0.056	0	0.233	0.335
FCGR3A	TSLP	9606.ENSP00000356946	9606.ENSP00000339804	0	0	0	0	0	0	0	0.294	0.294
FCGR3A	TCF7	9606.ENSP00000356946	9606.ENSP00000340347	0	0	0	0	0	0	0	0.182	0.181
FCGR3A	RASAL3	9606.ENSP00000356946	9606.ENSP00000341905	0	0	0	0	0.191	0	0	0	0.191
FCGR3A	IKZF3	9606.ENSP00000356946	9606.ENSP00000344544	0	0	0	0	0	0.056	0	0.181	0.193
FCGR3A	TNFRSF14	9606.ENSP00000356946	9606.ENSP00000347948	0	0	0	0	0.139	0	0	0.218	0.297
FCGR3A	HP	9606.ENSP00000356946	9606.ENSP00000348170	0	0	0	0	0	0	0	0.293	0.293
FCGR3A	IRF5	9606.ENSP00000356946	9606.ENSP00000349770	0	0	0	0	0.110	0	0	0.263	0.316
FCGR3A	TGFBR2	9606.ENSP00000356946	9606.ENSP00000351905	0	0	0	0	0	0.056	0	0.172	0.184
FCGR3A	PTPN22	9606.ENSP00000356946	9606.ENSP00000352833	0	0	0	0	0.089	0.184	0	0.278	0.416
FCGR3A	NSL1	9606.ENSP00000356946	9606.ENSP00000355944	0	0	0	0	0	0	0	0.413	0.412
FCGR3A	TAGAP	9606.ENSP00000356946	9606.ENSP00000356033	0	0	0	0	0.293	0	0	0	0.293
FCGR3A	RGS1	9606.ENSP00000356946	9606.ENSP00000356429	0	0	0	0	0.348	0	0	0.074	0.370
FCGR3A	HECA	9606.ENSP00000356946	9606.ENSP00000356630	0	0	0	0	0.076	0	0	0.184	0.213
FCGR3A	GRB2	9606.ENSP00000356946	9606.ENSP00000376345	0	0	0	0	0	0	0	0.170	0.169
FCGR3A	GNGT2	9606.ENSP00000356946	9606.ENSP00000426022	0	0	0	0	0.173	0	0	0	0.173
FCGR3A	IL18R1	9606.ENSP00000356946	9606.ENSP00000387211	0	0	0	0	0.070	0	0	0.165	0.190
FCGR3A	TRAF1	9606.ENSP00000356946	9606.ENSP00000362994	0	0	0	0	0.107	0	0	0.139	0.199
FCGR3A	PADI4	9606.ENSP00000356946	9606.ENSP00000364597	0	0	0	0	0.076	0	0	0.189	0.218
FCGR3A	ITK	9606.ENSP00000356946	9606.ENSP00000398655	0	0	0	0	0.065	0.056	0	0.218	0.249
FCGR3A	FCRL3	9606.ENSP00000356946	9606.ENSP00000357167	0	0	0	0.648	0.076	0	0	0.586	0.260
FCGR3A	IRGM	9606.ENSP00000356946	9606.ENSP00000428220	0	0	0	0	0.066	0	0	0.255	0.274
FCGR3A	IFI30	9606.ENSP00000356946	9606.ENSP00000384886	0	0	0	0	0.174	0	0	0.167	0.282
FCGR3A	PMEL	9606.ENSP00000356946	9606.ENSP00000402758	0	0	0	0	0	0	0	0.309	0.309
FCGR3A	JAK2	9606.ENSP00000356946	9606.ENSP00000371067	0	0	0	0	0.069	0.056	0	0.284	0.315
FCGR3A	MUC1	9606.ENSP00000356946	9606.ENSP00000484824	0	0	0	0	0	0	0	0.323	0.323
FCGR3A	IRF7	9606.ENSP00000356946	9606.ENSP00000380697	0	0	0	0	0.119	0	0	0.324	0.379
FCGR3A	MMP9	9606.ENSP00000356946	9606.ENSP00000361405	0	0	0	0	0.166	0	0	0.367	0.449
FCGR3A	GATA3	9606.ENSP00000356946	9606.ENSP00000368632	0	0	0	0	0	0	0	0.454	0.454
FCGR3A	PVR	9606.ENSP00000356946	9606.ENSP00000402060	0	0	0	0	0	0	0	0.459	0.459
FCGR3A	IL2RA	9606.ENSP00000356946	9606.ENSP00000369293	0	0	0	0	0.082	0	0	0.509	0.529
FCGR3A	ITGA4	9606.ENSP00000356946	9606.ENSP00000380227	0	0	0	0	0.065	0	0	0.517	0.529
FCGR3A	IL10	9606.ENSP00000356946	9606.ENSP00000412237	0	0	0	0	0.062	0	0	0.718	0.724
FCGR3A	ITGAX	9606.ENSP00000356946	9606.ENSP00000454623	0	0	0	0	0.312	0	0	0.826	0.875
FCGR3A	PTPRC	9606.ENSP00000356946	9606.ENSP00000411355	0	0	0	0	0.291	0.330	0	0.857	0.926
FCGR3A	SYK	9606.ENSP00000356946	9606.ENSP00000364907	0	0	0	0	0.163	0.281	0.900	0.467	0.963
FCRL3	ICAM3	9606.ENSP00000357167	9606.ENSP00000160262	0	0	0	0	0.065	0	0	0.165	0.186
FCRL3	SLC22A4	9606.ENSP00000357167	9606.ENSP00000200652	0	0	0	0	0	0	0	0.460	0.459
FCRL3	IL2RB	9606.ENSP00000357167	9606.ENSP00000216223	0	0	0	0	0.111	0	0	0.203	0.261
FCRL3	GPR65	9606.ENSP00000357167	9606.ENSP00000267549	0	0	0	0	0.100	0	0	0.147	0.199
FCRL3	IRF8	9606.ENSP00000357167	9606.ENSP00000268638	0	0	0	0	0.113	0	0	0.115	0.182
FCRL3	JAZF1	9606.ENSP00000357167	9606.ENSP00000283928	0	0	0	0	0	0	0	0.215	0.215
FCRL3	SAMSN1	9606.ENSP00000357167	9606.ENSP00000285670	0	0	0	0	0.070	0	0	0.136	0.162
FCRL3	NOD2	9606.ENSP00000357167	9606.ENSP00000300589	0	0	0	0	0.076	0	0	0.125	0.156
FCRL3	IL7R	9606.ENSP00000357167	9606.ENSP00000306157	0	0	0	0	0.084	0	0	0.254	0.287
FCRL3	IL23R	9606.ENSP00000357167	9606.ENSP00000321345	0	0	0	0	0	0	0	0.199	0.199
FCRL3	IKZF1	9606.ENSP00000357167	9606.ENSP00000331614	0	0	0	0	0.116	0.056	0	0.139	0.219
FCRL3	IKZF3	9606.ENSP00000357167	9606.ENSP00000344544	0	0	0	0	0.152	0.056	0	0.147	0.258
FCRL3	TNFRSF14	9606.ENSP00000357167	9606.ENSP00000347948	0	0	0	0	0.063	0	0	0.150	0.169
FCRL3	IRF5	9606.ENSP00000357167	9606.ENSP00000349770	0	0	0	0	0.073	0	0	0.240	0.265
FCRL3	PTPN22	9606.ENSP00000357167	9606.ENSP00000352833	0	0	0	0	0.098	0.184	0	0.740	0.791
FCRL3	TAGAP	9606.ENSP00000357167	9606.ENSP00000356033	0	0	0	0	0.141	0	0	0.076	0.172
FCRL3	RGS1	9606.ENSP00000357167	9606.ENSP00000356429	0	0	0	0	0.066	0	0	0.185	0.206
FCRL3	SP140	9606.ENSP00000357167	9606.ENSP00000375899	0	0	0	0	0.150	0	0	0	0.150
FCRL3	IL18R1	9606.ENSP00000357167	9606.ENSP00000387211	0	0	0	0	0.085	0	0	0.124	0.164
FCRL3	GSDMB	9606.ENSP00000357167	9606.ENSP00000415049	0	0	0	0	0	0	0	0.180	0.179
FCRL3	ITK	9606.ENSP00000357167	9606.ENSP00000398655	0	0	0	0	0.098	0.056	0	0.118	0.183
FCRL3	IL10	9606.ENSP00000357167	9606.ENSP00000412237	0	0	0	0	0	0	0	0.206	0.206
FCRL3	ITGAX	9606.ENSP00000357167	9606.ENSP00000454623	0	0	0	0	0.117	0	0	0.150	0.218
FCRL3	ORMDL3	9606.ENSP00000357167	9606.ENSP00000377724	0	0	0	0	0	0	0	0.236	0.236
FCRL3	PTPRC	9606.ENSP00000357167	9606.ENSP00000411355	0	0	0	0	0.172	0.184	0	0.077	0.322
FCRL3	TRAF1	9606.ENSP00000357167	9606.ENSP00000362994	0	0	0	0	0.065	0	0	0.392	0.407
FCRL3	IL2RA	9606.ENSP00000357167	9606.ENSP00000369293	0	0	0	0	0.098	0	0	0.381	0.417
FCRL3	MUC1	9606.ENSP00000357167	9606.ENSP00000484824	0	0	0	0	0	0	0	0.507	0.507
FCRL3	PADI4	9606.ENSP00000357167	9606.ENSP00000364597	0	0	0	0	0.066	0	0	0.595	0.605
FCRL3	SYK	9606.ENSP00000357167	9606.ENSP00000364907	0	0	0	0	0.098	0.281	0	0.746	0.821
FDX1L	PRDX5	9606.ENSP00000377311	9606.ENSP00000265462	0	0	0	0	0.063	0	0	0.188	0.206
FDX1L	GNA12	9606.ENSP00000377311	9606.ENSP00000275364	0	0	0	0	0	0.153	0	0	0.152
FDX1L	RAVER1	9606.ENSP00000377311	9606.ENSP00000293677	0	0	0	0	0	0	0	0.232	0.231
FDX1L	HSPA6	9606.ENSP00000377311	9606.ENSP00000310219	0.068	0	0	0	0.065	0.150	0	0.114	0.255
FDX1L	GLRX2	9606.ENSP00000377311	9606.ENSP00000356410	0	0	0	0	0.077	0.057	0	0.448	0.477
FDX1L	GNAS	9606.ENSP00000377311	9606.ENSP00000360141	0	0	0	0	0	0.153	0	0	0.152
FDX1L	ZGLP1	9606.ENSP00000377311	9606.ENSP00000384434	0	0	0	0	0	0	0	0.342	0.342
FDX1L	SUOX	9606.ENSP00000377311	9606.ENSP00000377668	0	0	0	0	0.067	0	0	0.383	0.400
FEM1A	PLIN3	9606.ENSP00000269856	9606.ENSP00000221957	0	0	0	0	0	0	0	0.218	0.218
FEM1A	RAB5C	9606.ENSP00000269856	9606.ENSP00000447053	0	0	0	0	0	0.160	0	0.055	0.172
FEM1A	RAB5B	9606.ENSP00000269856	9606.ENSP00000353444	0	0	0	0	0	0.160	0	0.055	0.172
FEM1A	RAB24	9606.ENSP00000269856	9606.ENSP00000304376	0	0	0	0	0	0.160	0	0.055	0.172
FEM1A	ZGLP1	9606.ENSP00000269856	9606.ENSP00000384434	0	0	0	0	0.049	0.069	0	0.144	0.175
FEM1A	TNFSF15	9606.ENSP00000269856	9606.ENSP00000363157	0	0	0	0	0	0	0	0.216	0.216
FEM1A	MALT1	9606.ENSP00000269856	9606.ENSP00000319279	0	0	0	0	0	0.240	0	0	0.239
FEM1A	RPS26	9606.ENSP00000269856	9606.ENSP00000348849	0	0	0	0	0	0	0	0.302	0.302
FEN1	KAT2A	9606.ENSP00000305480	9606.ENSP00000225916	0	0	0	0	0.062	0.057	0	0.125	0.158
FEN1	STAT3	9606.ENSP00000305480	9606.ENSP00000264657	0	0	0	0	0	0	0	0.159	0.159
FEN1	MYRF	9606.ENSP00000305480	9606.ENSP00000278836	0	0	0	0	0.049	0	0	0.720	0.722
FEN1	MARS2	9606.ENSP00000305480	9606.ENSP00000282276	0.070	0	0	0	0.097	0	0	0.088	0.167
FEN1	HCRT	9606.ENSP00000305480	9606.ENSP00000293330	0	0	0	0	0	0	0	0.434	0.434
FEN1	RAVER1	9606.ENSP00000305480	9606.ENSP00000293677	0	0	0	0	0.295	0.057	0	0.043	0.309
FEN1	SLX4	9606.ENSP00000305480	9606.ENSP00000294008	0	0	0	0	0	0	0	0.482	0.482
FEN1	SLU7	9606.ENSP00000305480	9606.ENSP00000297151	0	0	0	0	0.088	0	0	0.137	0.179
FEN1	TMEM194A	9606.ENSP00000305480	9606.ENSP00000300128	0	0	0	0	0.161	0	0	0.122	0.232
FEN1	JAK2	9606.ENSP00000305480	9606.ENSP00000371067	0	0	0	0	0.055	0.076	0	0.177	0.218
FEN1	TUBD1	9606.ENSP00000305480	9606.ENSP00000320797	0	0	0	0	0.197	0.097	0	0.049	0.250
FEN1	PFDN4	9606.ENSP00000305480	9606.ENSP00000360473	0.079	0	0	0	0.146	0	0	0.128	0.255
FEN1	TMEM258	9606.ENSP00000305480	9606.ENSP00000443216	0	0	0	0	0.063	0	0	0.592	0.601
FEN1	PTTG1	9606.ENSP00000305480	9606.ENSP00000377536	0	0	0	0	0.775	0	0	0.233	0.820
FERMT1	ITGA4	9606.ENSP00000217289	9606.ENSP00000380227	0	0	0	0	0.062	0	0	0.187	0.204
FERMT1	LBH	9606.ENSP00000217289	9606.ENSP00000378733	0	0	0	0	0	0	0	0.250	0.250
FERMT1	TPD52	9606.ENSP00000217289	9606.ENSP00000429309	0	0	0	0	0	0	0	0.279	0.279
FERMT1	GRHL2	9606.ENSP00000217289	9606.ENSP00000251808	0	0	0	0	0.086	0	0	0.281	0.315
FGF21	KEAP1	9606.ENSP00000471477	9606.ENSP00000171111	0	0	0	0	0	0	0	0.249	0.248
FGF21	HMOX1	9606.ENSP00000471477	9606.ENSP00000216117	0	0	0	0	0	0	0	0.322	0.321
FGF21	PLIN3	9606.ENSP00000471477	9606.ENSP00000221957	0	0	0	0	0	0	0	0.163	0.163
FGF21	RPS6KB1	9606.ENSP00000471477	9606.ENSP00000225577	0	0	0	0	0	0	0	0.274	0.274
FGF21	IL4	9606.ENSP00000471477	9606.ENSP00000231449	0	0	0	0	0	0	0	0.310	0.310
FGF21	LIF	9606.ENSP00000471477	9606.ENSP00000249075	0	0	0	0	0	0	0	0.492	0.492
FGF21	HNF1A	9606.ENSP00000471477	9606.ENSP00000257555	0	0	0	0	0.062	0.149	0	0.184	0.292
FGF21	NOX4	9606.ENSP00000471477	9606.ENSP00000263317	0	0	0	0	0	0	0	0.201	0.201
FGF21	IL21	9606.ENSP00000471477	9606.ENSP00000264497	0	0	0	0	0	0	0	0.396	0.396
FGF21	STAT3	9606.ENSP00000471477	9606.ENSP00000264657	0	0	0	0	0	0	0	0.424	0.424
FGF21	HCRT	9606.ENSP00000471477	9606.ENSP00000293330	0	0	0	0	0	0	0	0.260	0.260
FGF21	SOX8	9606.ENSP00000471477	9606.ENSP00000293894	0	0	0	0	0	0	0	0.182	0.182
FGF21	STAT6	9606.ENSP00000471477	9606.ENSP00000300134	0	0	0	0	0	0	0	0.244	0.244
FGF21	IL13	9606.ENSP00000471477	9606.ENSP00000304915	0	0	0	0	0	0	0	0.295	0.295
FGF21	FOS	9606.ENSP00000471477	9606.ENSP00000306245	0	0	0	0	0	0	0	0.339	0.339
FGF21	FUT1	9606.ENSP00000471477	9606.ENSP00000312021	0	0	0	0	0	0	0	0.641	0.641
FGF21	ITLN1	9606.ENSP00000471477	9606.ENSP00000323587	0	0	0	0	0	0	0	0.459	0.459
FGF21	IZUMO1	9606.ENSP00000471477	9606.ENSP00000327786	0	0	0	0	0	0	0	0.169	0.169
FGF21	HP	9606.ENSP00000471477	9606.ENSP00000348170	0	0	0	0	0.063	0	0	0.176	0.195
FGF21	TGFBR2	9606.ENSP00000471477	9606.ENSP00000351905	0	0	0	0	0	0	0	0.177	0.177
FGF21	MMP9	9606.ENSP00000471477	9606.ENSP00000361405	0	0	0	0	0	0	0	0.396	0.396
FGF21	PLAU	9606.ENSP00000471477	9606.ENSP00000361850	0	0	0	0	0	0	0	0.156	0.156
FGF21	TH	9606.ENSP00000471477	9606.ENSP00000370571	0	0	0	0	0	0	0	0.265	0.265
FGF21	JAK2	9606.ENSP00000471477	9606.ENSP00000371067	0	0	0	0	0	0	0	0.266	0.266
FGF21	GRB2	9606.ENSP00000471477	9606.ENSP00000376345	0	0	0	0	0	0.057	0	0.210	0.223
FGF21	ZFP36L1	9606.ENSP00000471477	9606.ENSP00000388402	0	0	0	0	0	0.136	0	0.060	0.153
FGF21	PHOSPHO1	9606.ENSP00000471477	9606.ENSP00000406909	0	0	0	0	0	0	0	0.154	0.153
FGF21	PTPRC	9606.ENSP00000471477	9606.ENSP00000411355	0	0	0	0	0	0.057	0	0.406	0.416
FGF21	IL10	9606.ENSP00000471477	9606.ENSP00000412237	0	0	0	0	0	0	0	0.413	0.413
FGF21	ITGAX	9606.ENSP00000471477	9606.ENSP00000454623	0	0	0	0	0	0	0	0.180	0.180
FOS	NFE2L3	9606.ENSP00000306245	9606.ENSP00000056233	0	0	0	0	0	0.056	0	0.213	0.225
FOS	KEAP1	9606.ENSP00000306245	9606.ENSP00000171111	0	0	0	0	0	0	0	0.358	0.358
FOS	SCT	9606.ENSP00000306245	9606.ENSP00000176195	0	0	0	0	0	0	0	0.354	0.354
FOS	HMOX1	9606.ENSP00000306245	9606.ENSP00000216117	0	0	0	0	0	0	0.900	0.517	0.949
FOS	IL2RB	9606.ENSP00000306245	9606.ENSP00000216223	0	0	0	0	0	0	0	0.191	0.191
FOS	PIK3R2	9606.ENSP00000306245	9606.ENSP00000222254	0	0	0	0	0	0.144	0	0.146	0.237
FOS	RAB3A	9606.ENSP00000306245	9606.ENSP00000222256	0	0	0	0	0	0	0	0.433	0.433
FOS	RPS6KB1	9606.ENSP00000306245	9606.ENSP00000225577	0	0	0	0	0.062	0.102	0.800	0.425	0.890
FOS	KAT2A	9606.ENSP00000306245	9606.ENSP00000225916	0	0	0	0	0.049	0.056	0	0.241	0.259
FOS	IL4	9606.ENSP00000306245	9606.ENSP00000231449	0	0	0	0	0	0	0	0.501	0.501
FOS	IL1RL1	9606.ENSP00000306245	9606.ENSP00000233954	0	0	0	0	0	0	0	0.157	0.156
FOS	IRF1	9606.ENSP00000306245	9606.ENSP00000245414	0	0	0	0	0.063	0	0	0.466	0.478
FOS	TICAM1	9606.ENSP00000306245	9606.ENSP00000248244	0	0	0	0	0	0	0	0.205	0.205
FOS	LIF	9606.ENSP00000306245	9606.ENSP00000249075	0	0	0	0	0	0	0	0.374	0.374
FOS	WISP1	9606.ENSP00000306245	9606.ENSP00000250160	0	0	0	0	0.125	0	0	0.170	0.242
FOS	HNF1A	9606.ENSP00000306245	9606.ENSP00000257555	0	0	0	0	0	0.270	0	0.548	0.656
FOS	NOX4	9606.ENSP00000306245	9606.ENSP00000263317	0	0	0	0	0.062	0.073	0	0.271	0.311
FOS	IL18RAP	9606.ENSP00000306245	9606.ENSP00000264260	0	0	0	0	0	0.071	0	0.271	0.294
FOS	IL21	9606.ENSP00000306245	9606.ENSP00000264497	0	0	0	0	0	0.105	0	0.307	0.353
FOS	STAT3	9606.ENSP00000306245	9606.ENSP00000264657	0	0	0	0	0	0.416	0.900	0.977	0.998
FOS	FOSL2	9606.ENSP00000306245	9606.ENSP00000264716	0	0	0	0.899	0.066	0	0.900	0.949	0.911
FOS	IRF8	9606.ENSP00000306245	9606.ENSP00000268638	0	0	0	0	0	0	0	0.391	0.390
FOS	OSMR	9606.ENSP00000306245	9606.ENSP00000274276	0	0	0	0	0	0	0	0.193	0.193
FOS	HHEX	9606.ENSP00000306245	9606.ENSP00000282728	0	0	0	0	0	0.182	0	0.275	0.381
FOS	MED7	9606.ENSP00000306245	9606.ENSP00000286317	0	0	0	0	0	0.142	0	0.071	0.168
FOS	IFNGR2	9606.ENSP00000306245	9606.ENSP00000290219	0	0	0	0	0	0	0	0.162	0.162
FOS	HCRT	9606.ENSP00000306245	9606.ENSP00000293330	0	0	0	0	0	0	0	0.812	0.812
FOS	SOX8	9606.ENSP00000306245	9606.ENSP00000293894	0	0	0	0	0	0.124	0	0.128	0.204
FOS	PPBP	9606.ENSP00000306245	9606.ENSP00000296028	0	0	0	0	0	0	0	0.160	0.160
FOS	NAB2	9606.ENSP00000306245	9606.ENSP00000300131	0	0	0	0	0	0	0	0.284	0.284
FOS	STAT6	9606.ENSP00000306245	9606.ENSP00000300134	0	0	0	0	0	0.056	0	0.376	0.386
FOS	NOD2	9606.ENSP00000306245	9606.ENSP00000300589	0	0	0	0	0	0	0	0.187	0.187
FOS	IL12A	9606.ENSP00000306245	9606.ENSP00000303231	0	0	0	0	0	0	0	0.152	0.152
FOS	IL13	9606.ENSP00000306245	9606.ENSP00000304915	0	0	0	0	0	0	0	0.342	0.342
FOS	PRKCB	9606.ENSP00000306245	9606.ENSP00000305355	0	0	0	0	0	0	0.800	0.322	0.858
FOS	IL7R	9606.ENSP00000306245	9606.ENSP00000306157	0	0	0	0	0	0	0	0.216	0.216
FOS	SCHIP1	9606.ENSP00000306245	9606.ENSP00000404860	0	0	0	0	0	0.146	0	0.047	0.151
FOS	ITGA4	9606.ENSP00000306245	9606.ENSP00000380227	0	0	0	0	0	0	0	0.166	0.165
FOS	PTTG1	9606.ENSP00000306245	9606.ENSP00000377536	0	0	0	0	0	0	0	0.167	0.167
FOS	IL18R1	9606.ENSP00000306245	9606.ENSP00000387211	0	0	0	0	0	0.071	0	0.150	0.176
FOS	IFI30	9606.ENSP00000306245	9606.ENSP00000384886	0	0	0	0	0	0	0	0.183	0.183
FOS	TAGAP	9606.ENSP00000306245	9606.ENSP00000356033	0	0	0	0	0.074	0	0	0.178	0.206
FOS	ITK	9606.ENSP00000306245	9606.ENSP00000398655	0	0	0	0	0	0.064	0	0.188	0.207
FOS	PADI4	9606.ENSP00000306245	9606.ENSP00000364597	0	0	0	0	0	0	0	0.211	0.211
FOS	IRF5	9606.ENSP00000306245	9606.ENSP00000349770	0	0	0	0	0	0	0	0.226	0.225
FOS	ZNF622	9606.ENSP00000306245	9606.ENSP00000310042	0	0	0	0	0	0.078	0	0.205	0.236
FOS	GNAS	9606.ENSP00000306245	9606.ENSP00000360141	0	0	0	0	0	0	0	0.250	0.250
FOS	ITGAX	9606.ENSP00000306245	9606.ENSP00000454623	0	0	0	0	0	0	0	0.255	0.254
FOS	HSPA6	9606.ENSP00000306245	9606.ENSP00000310219	0	0	0	0	0.052	0.058	0	0.271	0.292
FOS	IKZF1	9606.ENSP00000306245	9606.ENSP00000331614	0	0	0	0	0.063	0.062	0	0.270	0.302
FOS	SMARCE1	9606.ENSP00000306245	9606.ENSP00000323967	0	0	0	0	0	0.244	0	0.117	0.304
FOS	KSR1	9606.ENSP00000306245	9606.ENSP00000381958	0	0	0	0	0	0.064	0	0.298	0.315
FOS	SLC12A5	9606.ENSP00000306245	9606.ENSP00000387694	0	0	0	0	0	0	0	0.315	0.315
FOS	IL2RA	9606.ENSP00000306245	9606.ENSP00000369293	0	0	0	0	0	0	0	0.320	0.319
FOS	TCF7	9606.ENSP00000306245	9606.ENSP00000340347	0	0	0	0	0	0.134	0	0.254	0.326
FOS	TGFBR1	9606.ENSP00000306245	9606.ENSP00000364133	0	0	0	0	0	0.064	0	0.314	0.330
FOS	RGS1	9606.ENSP00000306245	9606.ENSP00000356429	0	0	0	0	0.131	0	0	0.265	0.334
FOS	ZFP36L1	9606.ENSP00000306245	9606.ENSP00000388402	0	0	0	0	0.119	0	0	0.282	0.340
FOS	IRF7	9606.ENSP00000306245	9606.ENSP00000380697	0	0	0	0	0.062	0	0	0.335	0.349
FOS	TGFBR2	9606.ENSP00000306245	9606.ENSP00000351905	0	0	0	0	0	0.064	0	0.338	0.354
FOS	UBE2L3	9606.ENSP00000306245	9606.ENSP00000400906	0	0	0	0	0	0.270	0	0.166	0.365
FOS	PTPRC	9606.ENSP00000306245	9606.ENSP00000411355	0	0	0	0	0.066	0	0	0.380	0.396
FOS	ZNF335	9606.ENSP00000306245	9606.ENSP00000325326	0	0	0	0	0	0.062	0	0.385	0.398
FOS	PLAU	9606.ENSP00000306245	9606.ENSP00000361850	0	0	0	0	0	0	0	0.421	0.420
FOS	MUC1	9606.ENSP00000306245	9606.ENSP00000484824	0	0	0	0	0	0	0	0.447	0.447
FOS	TRAF1	9606.ENSP00000306245	9606.ENSP00000362994	0	0	0	0	0	0.244	0	0.358	0.494
FOS	JAK2	9606.ENSP00000306245	9606.ENSP00000371067	0	0	0	0	0	0.064	0	0.509	0.520
FOS	GRB2	9606.ENSP00000306245	9606.ENSP00000376345	0	0	0	0	0	0	0	0.520	0.520
FOS	RPS6KA4	9606.ENSP00000306245	9606.ENSP00000333896	0	0	0	0	0	0.281	0	0.390	0.542
FOS	IL10	9606.ENSP00000306245	9606.ENSP00000412237	0	0	0	0	0	0.105	0	0.533	0.564
FOS	MMP9	9606.ENSP00000306245	9606.ENSP00000361405	0	0	0	0	0.062	0	0	0.656	0.664
FOS	TH	9606.ENSP00000306245	9606.ENSP00000370571	0	0	0	0	0	0	0	0.803	0.803
FOS	GATA3	9606.ENSP00000306245	9606.ENSP00000368632	0	0	0	0	0.062	0.151	0.600	0.462	0.806
FOS	TNFRSF11A	9606.ENSP00000306245	9606.ENSP00000465500	0	0	0	0	0	0	0.900	0.413	0.938
FOS	SYK	9606.ENSP00000306245	9606.ENSP00000364907	0	0	0	0	0	0.064	0.900	0.423	0.941
FOSL2	NFE2L3	9606.ENSP00000264716	9606.ENSP00000056233	0	0	0	0	0	0.056	0	0.150	0.164
FOSL2	HMOX1	9606.ENSP00000264716	9606.ENSP00000216117	0	0	0	0	0.070	0	0	0.131	0.157
FOSL2	RPS6KB1	9606.ENSP00000264716	9606.ENSP00000225577	0	0	0	0	0.062	0.102	0	0.101	0.176
FOSL2	IL4	9606.ENSP00000264716	9606.ENSP00000231449	0	0	0	0	0.065	0	0	0.244	0.262
FOSL2	IRF1	9606.ENSP00000264716	9606.ENSP00000245414	0	0	0	0	0.062	0	0	0.184	0.201
FOSL2	LIF	9606.ENSP00000264716	9606.ENSP00000249075	0	0	0	0	0.088	0	0	0.577	0.597
FOSL2	WISP1	9606.ENSP00000264716	9606.ENSP00000250160	0	0	0	0	0.084	0	0	0.114	0.154
FOSL2	IKZF4	9606.ENSP00000264716	9606.ENSP00000262032	0	0	0	0	0	0.062	0	0.175	0.193
FOSL2	STAT3	9606.ENSP00000264716	9606.ENSP00000264657	0	0	0	0	0.062	0.056	0	0.391	0.413
FOSL2	PTPRC	9606.ENSP00000264716	9606.ENSP00000411355	0	0	0	0	0	0	0	0.150	0.150
FOSL2	JAK2	9606.ENSP00000264716	9606.ENSP00000371067	0	0	0	0	0	0.064	0	0.144	0.164
FOSL2	ZFP36L1	9606.ENSP00000264716	9606.ENSP00000388402	0	0	0	0	0.065	0	0	0.148	0.169
FOSL2	ITGAX	9606.ENSP00000264716	9606.ENSP00000454623	0	0	0	0	0	0	0	0.171	0.171
FOSL2	PPBP	9606.ENSP00000264716	9606.ENSP00000296028	0	0	0	0	0	0	0	0.190	0.190
FOSL2	IKZF3	9606.ENSP00000264716	9606.ENSP00000344544	0	0	0	0	0	0.062	0	0.172	0.190
FOSL2	IL18R1	9606.ENSP00000264716	9606.ENSP00000387211	0	0	0	0	0.062	0.071	0	0.160	0.204
FOSL2	TGFBR2	9606.ENSP00000264716	9606.ENSP00000351905	0	0	0	0	0.119	0.064	0	0.113	0.205
FOSL2	IL13	9606.ENSP00000264716	9606.ENSP00000304915	0	0	0	0	0	0	0	0.205	0.205
FOSL2	TH	9606.ENSP00000264716	9606.ENSP00000370571	0	0	0	0	0	0	0	0.216	0.216
FOSL2	ZNF622	9606.ENSP00000264716	9606.ENSP00000310042	0	0	0	0	0	0.057	0	0.205	0.218
FOSL2	SOX8	9606.ENSP00000264716	9606.ENSP00000293894	0	0	0	0	0	0.124	0	0.145	0.219
FOSL2	IRF7	9606.ENSP00000264716	9606.ENSP00000380697	0	0	0	0	0.075	0	0	0.194	0.223
FOSL2	IL10	9606.ENSP00000264716	9606.ENSP00000412237	0	0	0	0	0	0.105	0	0.185	0.239
FOSL2	STAT6	9606.ENSP00000264716	9606.ENSP00000300134	0	0	0	0	0.073	0.056	0	0.203	0.242
FOSL2	IRF8	9606.ENSP00000264716	9606.ENSP00000268638	0	0	0	0	0	0	0	0.263	0.263
FOSL2	IFI30	9606.ENSP00000264716	9606.ENSP00000384886	0	0	0	0	0	0	0	0.267	0.267
FOSL2	TCF7	9606.ENSP00000264716	9606.ENSP00000340347	0	0	0	0	0	0.134	0	0.191	0.269
FOSL2	GATA3	9606.ENSP00000264716	9606.ENSP00000368632	0	0	0	0	0.062	0.066	0	0.236	0.272
FOSL2	UBE2L3	9606.ENSP00000264716	9606.ENSP00000400906	0	0	0	0	0	0	0	0.312	0.312
FOSL2	MMP9	9606.ENSP00000264716	9606.ENSP00000361405	0	0	0	0	0.082	0	0	0.308	0.338
FOSL2	PLAU	9606.ENSP00000264716	9606.ENSP00000361850	0	0	0	0	0.077	0	0	0.336	0.361
FOSL2	TRAF1	9606.ENSP00000264716	9606.ENSP00000362994	0	0	0	0	0.069	0.427	0	0.146	0.505
FUT1	RASIP1	9606.ENSP00000312021	9606.ENSP00000222145	0	0	0	0	0	0	0	0.577	0.577
FUT1	IL12RB2	9606.ENSP00000312021	9606.ENSP00000262345	0	0	0	0	0.064	0	0	0.136	0.156
FUT1	NTN5	9606.ENSP00000312021	9606.ENSP00000270235	0	0	0	0	0	0	0	0.179	0.179
FUT1	GALNT10	9606.ENSP00000312021	9606.ENSP00000297107	0	0	0	0	0.062	0	0	0.219	0.236
FUT1	SNAPC4	9606.ENSP00000312021	9606.ENSP00000298532	0	0	0	0	0.062	0	0	0.205	0.222
FUT1	MUC1	9606.ENSP00000312021	9606.ENSP00000484824	0	0	0	0	0.063	0	0	0.217	0.234
FUT1	IZUMO1	9606.ENSP00000312021	9606.ENSP00000327786	0	0	0	0	0.069	0	0	0.212	0.235
FUT1	THEMIS	9606.ENSP00000312021	9606.ENSP00000357231	0	0	0	0	0	0	0	0.237	0.237
FUT1	HECA	9606.ENSP00000312021	9606.ENSP00000356630	0	0	0	0	0	0	0	0.333	0.333
FUT1	FUT2	9606.ENSP00000312021	9606.ENSP00000387498	0	0	0	0.960	0.066	0	0.800	0.907	0.812
FUT2	RASIP1	9606.ENSP00000387498	9606.ENSP00000222145	0	0	0	0	0	0	0	0.386	0.386
FUT2	RAB3A	9606.ENSP00000387498	9606.ENSP00000222256	0	0	0	0	0	0	0	0.157	0.156
FUT2	IL4	9606.ENSP00000387498	9606.ENSP00000231449	0	0	0	0	0.065	0	0	0.149	0.171
FUT2	IL12RB2	9606.ENSP00000387498	9606.ENSP00000262345	0	0	0	0	0.065	0	0	0.393	0.408
FUT2	IL18RAP	9606.ENSP00000387498	9606.ENSP00000264260	0	0	0	0	0	0	0	0.165	0.165
FUT2	STAT3	9606.ENSP00000387498	9606.ENSP00000264657	0	0	0	0	0	0	0	0.194	0.194
FUT2	IRF8	9606.ENSP00000387498	9606.ENSP00000268638	0	0	0	0	0	0	0	0.190	0.190
FUT2	GNA12	9606.ENSP00000387498	9606.ENSP00000275364	0	0	0	0	0	0	0	0.165	0.165
FUT2	IL22RA2	9606.ENSP00000387498	9606.ENSP00000296980	0	0	0	0	0	0	0	0.165	0.165
FUT2	GALNT10	9606.ENSP00000387498	9606.ENSP00000297107	0	0	0	0	0.062	0	0	0.229	0.246
FUT2	SNAPC4	9606.ENSP00000387498	9606.ENSP00000298532	0	0	0	0	0.063	0	0	0.152	0.172
FUT2	NOD2	9606.ENSP00000387498	9606.ENSP00000300589	0	0	0	0	0	0	0	0.520	0.520
FUT2	PPP1R3B	9606.ENSP00000387498	9606.ENSP00000308318	0	0	0	0	0	0	0	0.157	0.156
FUT2	IL23R	9606.ENSP00000387498	9606.ENSP00000321345	0	0	0	0	0	0	0	0.403	0.403
FUT2	NKX2-3	9606.ENSP00000387498	9606.ENSP00000342828	0	0	0	0	0.049	0	0	0.164	0.170
FUT2	IRF5	9606.ENSP00000387498	9606.ENSP00000349770	0	0	0	0	0	0	0	0.193	0.193
FUT2	PTPN22	9606.ENSP00000387498	9606.ENSP00000352833	0	0	0	0	0	0	0	0.286	0.286
FUT2	TAGAP	9606.ENSP00000387498	9606.ENSP00000356033	0	0	0	0	0.062	0	0	0.229	0.245
FUT2	RGS1	9606.ENSP00000387498	9606.ENSP00000356429	0	0	0	0	0	0	0	0.221	0.221
FUT2	HECA	9606.ENSP00000387498	9606.ENSP00000356630	0	0	0	0	0	0	0	0.214	0.214
FUT2	THEMIS	9606.ENSP00000387498	9606.ENSP00000357231	0	0	0	0	0	0	0	0.468	0.468
FUT2	TNFSF15	9606.ENSP00000387498	9606.ENSP00000363157	0	0	0	0	0.060	0	0	0.214	0.229
FUT2	IL2RA	9606.ENSP00000387498	9606.ENSP00000369293	0	0	0	0	0.062	0	0	0.241	0.257
FUT2	UBE2L3	9606.ENSP00000387498	9606.ENSP00000400906	0	0	0	0	0	0	0	0.206	0.206
FUT2	GSDMB	9606.ENSP00000387498	9606.ENSP00000415049	0	0	0	0	0.069	0	0	0.216	0.238
FUT2	MUC1	9606.ENSP00000387498	9606.ENSP00000484824	0	0	0	0	0.063	0	0	0.261	0.277
FUT2	IL10	9606.ENSP00000387498	9606.ENSP00000412237	0	0	0	0	0	0	0	0.324	0.323
FUT2	IRGM	9606.ENSP00000387498	9606.ENSP00000428220	0	0	0	0	0	0	0	0.340	0.340
FUT2	LACC1	9606.ENSP00000387498	9606.ENSP00000391747	0	0	0	0	0	0	0	0.456	0.456
GALC	LIF	9606.ENSP00000261304	9606.ENSP00000249075	0	0	0	0	0	0	0	0.216	0.216
GALC	STAT3	9606.ENSP00000261304	9606.ENSP00000264657	0	0	0	0	0	0	0	0.152	0.152
GALC	MPV17L2	9606.ENSP00000261304	9606.ENSP00000469836	0	0	0	0	0	0	0	0.155	0.154
GALC	IL22RA2	9606.ENSP00000261304	9606.ENSP00000296980	0	0	0	0	0	0	0	0.156	0.155
GALC	IL10	9606.ENSP00000261304	9606.ENSP00000412237	0	0	0	0	0	0	0	0.162	0.162
GALC	HHEX	9606.ENSP00000261304	9606.ENSP00000282728	0	0	0	0	0	0	0	0.180	0.180
GALC	PTPRC	9606.ENSP00000261304	9606.ENSP00000411355	0	0	0	0	0.062	0	0	0.195	0.213
GALC	KIF21B	9606.ENSP00000261304	9606.ENSP00000411831	0	0	0	0	0	0	0	0.232	0.231
GALC	TNFSF14	9606.ENSP00000261304	9606.ENSP00000469049	0	0	0	0	0	0	0	0.239	0.239
GALC	SUOX	9606.ENSP00000261304	9606.ENSP00000377668	0	0	0	0	0	0	0	0.253	0.252
GALC	NOX4	9606.ENSP00000261304	9606.ENSP00000263317	0	0	0	0	0	0	0	0.261	0.261
GALC	TH	9606.ENSP00000261304	9606.ENSP00000370571	0	0	0	0	0	0	0	0.285	0.285
GALC	WDR36	9606.ENSP00000261304	9606.ENSP00000423067	0	0	0	0	0	0	0	0.294	0.294
GALC	WIZ	9606.ENSP00000261304	9606.ENSP00000263381	0	0	0	0	0	0	0	0.303	0.303
GALC	IL16	9606.ENSP00000261304	9606.ENSP00000302935	0	0	0	0	0	0	0	0.329	0.329
GALC	MYRF	9606.ENSP00000261304	9606.ENSP00000278836	0	0	0	0	0	0	0	0.330	0.330
GALC	GPR65	9606.ENSP00000261304	9606.ENSP00000267549	0	0	0	0	0.104	0	0	0.390	0.430
GALC	GBA	9606.ENSP00000261304	9606.ENSP00000314508	0	0	0	0	0	0	0.900	0.564	0.954
GALNT10	NFE2L3	9606.ENSP00000297107	9606.ENSP00000056233	0	0	0	0	0	0	0	0.373	0.373
GALNT10	TCF7	9606.ENSP00000297107	9606.ENSP00000340347	0	0	0	0	0.052	0	0	0.415	0.421
GALNT10	MUC1	9606.ENSP00000297107	9606.ENSP00000484824	0	0	0	0	0	0.213	0.900	0.182	0.930
GATA3	HMOX1	9606.ENSP00000368632	9606.ENSP00000216117	0	0	0	0	0	0	0	0.169	0.169
GATA3	IL2RB	9606.ENSP00000368632	9606.ENSP00000216223	0	0	0	0	0	0	0	0.492	0.492
GATA3	RPS6KB1	9606.ENSP00000368632	9606.ENSP00000225577	0	0	0	0	0.062	0.058	0	0.208	0.240
GATA3	KAT2A	9606.ENSP00000368632	9606.ENSP00000225916	0	0	0	0	0.062	0.176	0	0.127	0.266
GATA3	IL4	9606.ENSP00000368632	9606.ENSP00000231449	0	0	0	0	0.062	0	0	0.859	0.862
GATA3	IL1RL1	9606.ENSP00000368632	9606.ENSP00000233954	0	0	0	0	0.062	0	0	0.607	0.616
GATA3	IRF1	9606.ENSP00000368632	9606.ENSP00000245414	0	0	0	0	0	0	0	0.414	0.414
GATA3	TICAM1	9606.ENSP00000368632	9606.ENSP00000248244	0	0	0	0	0	0	0	0.169	0.169
GATA3	LIF	9606.ENSP00000368632	9606.ENSP00000249075	0	0	0	0	0	0	0	0.231	0.231
GATA3	GRHL2	9606.ENSP00000368632	9606.ENSP00000251808	0	0	0	0	0.069	0	0	0.295	0.315
GATA3	HNF1A	9606.ENSP00000368632	9606.ENSP00000257555	0	0	0	0	0.062	0	0	0.327	0.342
GATA3	IKZF4	9606.ENSP00000368632	9606.ENSP00000262032	0	0	0	0	0	0.078	0	0.366	0.390
GATA3	IL12RB2	9606.ENSP00000368632	9606.ENSP00000262345	0	0	0	0	0	0	0	0.457	0.457
GATA3	IL18RAP	9606.ENSP00000368632	9606.ENSP00000264260	0	0	0	0	0	0	0	0.204	0.204
GATA3	IL21	9606.ENSP00000368632	9606.ENSP00000264497	0	0	0	0	0	0	0	0.432	0.432
GATA3	KIAA1109	9606.ENSP00000368632	9606.ENSP00000264501	0	0	0	0	0	0	0	0.157	0.156
GATA3	STAT3	9606.ENSP00000368632	9606.ENSP00000264657	0	0	0	0	0	0	0	0.660	0.660
GATA3	IRF8	9606.ENSP00000368632	9606.ENSP00000268638	0	0	0	0	0	0	0	0.341	0.341
GATA3	HHEX	9606.ENSP00000368632	9606.ENSP00000282728	0	0	0	0	0	0.113	0	0.287	0.341
GATA3	JAZF1	9606.ENSP00000368632	9606.ENSP00000283928	0	0	0	0	0.055	0	0	0.192	0.203
GATA3	SOX8	9606.ENSP00000368632	9606.ENSP00000293894	0	0	0	0	0	0.143	0	0.182	0.269
GATA3	RETNLB	9606.ENSP00000368632	9606.ENSP00000295755	0	0	0	0	0	0	0	0.261	0.261
GATA3	PPBP	9606.ENSP00000368632	9606.ENSP00000296028	0	0	0	0	0	0	0	0.310	0.309
GATA3	STAT6	9606.ENSP00000368632	9606.ENSP00000300134	0	0	0	0	0	0	0.900	0.822	0.981
GATA3	NOD2	9606.ENSP00000368632	9606.ENSP00000300589	0	0	0	0	0	0	0	0.234	0.234
GATA3	IL16	9606.ENSP00000368632	9606.ENSP00000302935	0	0	0	0	0	0.101	0	0.146	0.200
GATA3	IL12A	9606.ENSP00000368632	9606.ENSP00000303231	0	0	0	0	0	0	0	0.189	0.189
GATA3	IL13	9606.ENSP00000368632	9606.ENSP00000304915	0	0	0	0	0	0	0.900	0.818	0.981
GATA3	IL7R	9606.ENSP00000368632	9606.ENSP00000306157	0	0	0	0	0	0	0	0.685	0.685
GATA3	HAVCR2	9606.ENSP00000368632	9606.ENSP00000312002	0	0	0	0	0	0	0	0.390	0.390
GATA3	IL23R	9606.ENSP00000368632	9606.ENSP00000321345	0	0	0	0	0	0	0	0.568	0.568
GATA3	SMARCE1	9606.ENSP00000368632	9606.ENSP00000323967	0	0	0	0	0	0	0	0.153	0.153
GATA3	IKZF1	9606.ENSP00000368632	9606.ENSP00000331614	0	0	0	0	0	0.078	0	0.790	0.799
GATA3	TSLP	9606.ENSP00000368632	9606.ENSP00000339804	0	0	0	0	0	0	0	0.671	0.671
GATA3	TCF7	9606.ENSP00000368632	9606.ENSP00000340347	0	0	0	0	0.077	0	0	0.606	0.621
GATA3	NKX2-3	9606.ENSP00000368632	9606.ENSP00000342828	0	0	0	0	0	0.228	0	0.300	0.437
GATA3	IL19	9606.ENSP00000368632	9606.ENSP00000343000	0	0	0	0	0	0	0	0.213	0.213
GATA3	IKZF3	9606.ENSP00000368632	9606.ENSP00000344544	0	0	0	0	0	0.078	0	0.469	0.490
GATA3	IRF5	9606.ENSP00000368632	9606.ENSP00000349770	0	0	0	0	0	0	0	0.181	0.181
GATA3	TGFBR2	9606.ENSP00000368632	9606.ENSP00000351905	0	0	0	0	0	0.139	0	0.298	0.370
GATA3	PTPN22	9606.ENSP00000368632	9606.ENSP00000352833	0	0	0	0	0.062	0	0	0.183	0.200
GATA3	GNAS	9606.ENSP00000368632	9606.ENSP00000360141	0	0	0	0	0.053	0	0	0.162	0.172
GATA3	MMP9	9606.ENSP00000368632	9606.ENSP00000361405	0	0	0	0	0.053	0	0	0.310	0.318
GATA3	TRAF1	9606.ENSP00000368632	9606.ENSP00000362994	0	0	0	0	0	0.154	0	0.155	0.254
GATA3	TNFSF15	9606.ENSP00000368632	9606.ENSP00000363157	0	0	0	0	0	0	0	0.293	0.293
GATA3	TGFBR1	9606.ENSP00000368632	9606.ENSP00000364133	0	0	0	0	0	0.139	0	0.192	0.275
GATA3	SYK	9606.ENSP00000368632	9606.ENSP00000364907	0	0	0	0	0	0.139	0	0.270	0.344
GATA3	PHF19	9606.ENSP00000368632	9606.ENSP00000483946	0	0	0	0	0	0	0	0.151	0.151
GATA3	PTTG1	9606.ENSP00000368632	9606.ENSP00000377536	0	0	0	0	0	0	0	0.153	0.153
GATA3	PMEL	9606.ENSP00000368632	9606.ENSP00000402758	0	0	0	0	0.104	0	0	0.108	0.166
GATA3	GRB2	9606.ENSP00000368632	9606.ENSP00000376345	0	0	0	0	0	0	0	0.198	0.198
GATA3	IRF7	9606.ENSP00000368632	9606.ENSP00000380697	0	0	0	0	0	0	0	0.211	0.211
GATA3	SUOX	9606.ENSP00000368632	9606.ENSP00000377668	0	0	0	0	0	0	0	0.218	0.218
GATA3	GSDMB	9606.ENSP00000368632	9606.ENSP00000415049	0	0	0	0	0	0	0	0.252	0.252
GATA3	ITGA4	9606.ENSP00000368632	9606.ENSP00000380227	0	0	0	0	0	0	0	0.256	0.256
GATA3	ORMDL3	9606.ENSP00000368632	9606.ENSP00000377724	0	0	0	0	0.064	0	0	0.246	0.264
GATA3	MUC1	9606.ENSP00000368632	9606.ENSP00000484824	0	0	0	0	0.076	0	0	0.369	0.392
GATA3	IL18R1	9606.ENSP00000368632	9606.ENSP00000387211	0	0	0	0	0.062	0	0	0.397	0.410
GATA3	TH	9606.ENSP00000368632	9606.ENSP00000370571	0	0	0	0	0	0.162	0	0.349	0.431
GATA3	JAK2	9606.ENSP00000368632	9606.ENSP00000371067	0	0	0	0	0	0.139	0	0.388	0.450
GATA3	ITK	9606.ENSP00000368632	9606.ENSP00000398655	0	0	0	0	0.062	0.139	0	0.464	0.529
GATA3	IL2RA	9606.ENSP00000368632	9606.ENSP00000369293	0	0	0	0	0.062	0	0	0.592	0.601
GATA3	PTPRC	9606.ENSP00000368632	9606.ENSP00000411355	0	0	0	0	0.062	0	0	0.629	0.638
GATA3	ITGAX	9606.ENSP00000368632	9606.ENSP00000454623	0	0	0	0	0	0	0	0.659	0.659
GATA3	IL10	9606.ENSP00000368632	9606.ENSP00000412237	0	0	0	0	0	0	0	0.740	0.740
GBA	IL4	9606.ENSP00000314508	9606.ENSP00000231449	0	0	0	0	0	0	0	0.170	0.169
GBA	STAT3	9606.ENSP00000314508	9606.ENSP00000264657	0	0	0	0	0	0	0.300	0.142	0.373
GBA	KRTCAP2	9606.ENSP00000314508	9606.ENSP00000295682	0	0	0	0	0	0	0	0.377	0.377
GBA	IL10	9606.ENSP00000314508	9606.ENSP00000412237	0	0	0	0	0	0	0	0.155	0.154
GBA	HP	9606.ENSP00000314508	9606.ENSP00000348170	0	0	0	0	0	0	0	0.162	0.161
GBA	TNFRSF14	9606.ENSP00000314508	9606.ENSP00000347948	0	0	0	0	0	0	0	0.244	0.244
GBA	TH	9606.ENSP00000314508	9606.ENSP00000370571	0	0	0	0	0	0	0	0.369	0.369
GBA	MUC1	9606.ENSP00000314508	9606.ENSP00000484824	0	0	0	0	0	0	0	0.383	0.382
GBA	THBS3	9606.ENSP00000314508	9606.ENSP00000357362	0	0	0	0	0.078	0	0	0.616	0.631
GBA	TRIM46	9606.ENSP00000314508	9606.ENSP00000334657	0	0	0	0	0	0	0	0.650	0.650
GBA	PARK7	9606.ENSP00000314508	9606.ENSP00000418770	0	0	0	0	0.063	0	0	0.730	0.737
GBA	MTX1	9606.ENSP00000314508	9606.ENSP00000357360	0	0	0	0	0.181	0	0	0.736	0.775
GLRX2	KEAP1	9606.ENSP00000356410	9606.ENSP00000171111	0	0	0	0	0	0	0	0.294	0.294
GLRX2	HMOX1	9606.ENSP00000356410	9606.ENSP00000216117	0	0	0	0	0	0	0	0.250	0.250
GLRX2	KAT2A	9606.ENSP00000356410	9606.ENSP00000225916	0	0	0	0	0.064	0.142	0	0.094	0.209
GLRX2	NOX4	9606.ENSP00000356410	9606.ENSP00000263317	0	0	0	0	0	0	0	0.268	0.268
GLRX2	PRDX5	9606.ENSP00000356410	9606.ENSP00000265462	0.044	0	0	0	0.073	0	0	0.675	0.687
GLRX2	PPIL2	9606.ENSP00000356410	9606.ENSP00000334553	0.051	0	0	0	0.064	0.154	0	0	0.182
GLRX2	GPX4	9606.ENSP00000356410	9606.ENSP00000346103	0.071	0	0	0	0.296	0.319	0	0.703	0.850
GLRX2	PARK7	9606.ENSP00000356410	9606.ENSP00000418770	0.042	0	0	0	0.064	0	0	0.231	0.250
GLRX2	POLR2E	9606.ENSP00000356410	9606.ENSP00000478303	0	0	0	0	0.065	0	0	0.234	0.253
GLRX2	UBE2L3	9606.ENSP00000356410	9606.ENSP00000400906	0	0	0	0	0.063	0.243	0	0	0.260
GLRX2	SUOX	9606.ENSP00000356410	9606.ENSP00000377668	0.060	0	0	0	0	0	0	0.343	0.356
GNA12	SLC22A4	9606.ENSP00000275364	9606.ENSP00000200652	0	0	0	0	0	0.057	0	0.135	0.150
GNA12	RASIP1	9606.ENSP00000275364	9606.ENSP00000222145	0	0	0	0	0.052	0	0	0.144	0.153
GNA12	RPS6KB1	9606.ENSP00000275364	9606.ENSP00000225577	0	0	0	0	0.081	0.159	0	0.067	0.215
GNA12	SLC22A5	9606.ENSP00000275364	9606.ENSP00000245407	0	0	0	0	0	0.057	0	0.268	0.280
GNA12	STAT3	9606.ENSP00000275364	9606.ENSP00000264657	0	0	0	0	0.062	0	0	0.181	0.199
GNA12	GPR65	9606.ENSP00000275364	9606.ENSP00000267549	0	0	0	0	0	0.151	0	0.063	0.170
GNA12	SLC12A5	9606.ENSP00000275364	9606.ENSP00000387694	0	0	0	0	0	0.138	0	0.063	0.157
GNA12	SSTR3	9606.ENSP00000275364	9606.ENSP00000480971	0	0	0	0	0	0.151	0	0.048	0.157
GNA12	ITK	9606.ENSP00000275364	9606.ENSP00000398655	0	0	0	0	0	0.159	0	0	0.158
GNA12	PLCL1	9606.ENSP00000275364	9606.ENSP00000402861	0	0	0	0	0.064	0.118	0	0.076	0.170
GNA12	TGFBR1	9606.ENSP00000275364	9606.ENSP00000364133	0	0	0	0	0	0.159	0	0.055	0.171
GNA12	RAB5B	9606.ENSP00000275364	9606.ENSP00000353444	0	0	0	0	0	0.102	0	0.116	0.172
GNA12	IRF5	9606.ENSP00000275364	9606.ENSP00000349770	0	0	0	0	0	0	0	0.175	0.175
GNA12	RASAL3	9606.ENSP00000275364	9606.ENSP00000341905	0	0	0	0	0.082	0.140	0	0	0.176
GNA12	RAVER1	9606.ENSP00000275364	9606.ENSP00000293677	0	0	0	0	0.084	0.144	0	0	0.182
GNA12	KSR1	9606.ENSP00000275364	9606.ENSP00000381958	0	0	0	0	0	0.159	0	0.069	0.183
GNA12	SYK	9606.ENSP00000275364	9606.ENSP00000364907	0	0	0	0	0.055	0.159	0	0.055	0.183
GNA12	TUBD1	9606.ENSP00000275364	9606.ENSP00000320797	0	0	0	0	0.065	0.143	0	0.076	0.194
GNA12	PTPRC	9606.ENSP00000275364	9606.ENSP00000411355	0	0	0	0	0.062	0.068	0	0.153	0.195
GNA12	SERINC3	9606.ENSP00000275364	9606.ENSP00000340243	0	0	0	0	0.063	0	0	0.200	0.219
GNA12	ZFP36L1	9606.ENSP00000275364	9606.ENSP00000388402	0	0	0	0	0.062	0.166	0	0.085	0.221
GNA12	NOD2	9606.ENSP00000275364	9606.ENSP00000300589	0	0	0	0	0	0	0	0.223	0.223
GNA12	IL23R	9606.ENSP00000275364	9606.ENSP00000321345	0	0	0	0	0	0	0	0.233	0.232
GNA12	RAB5C	9606.ENSP00000275364	9606.ENSP00000447053	0	0	0	0	0.062	0.102	0	0.169	0.238
GNA12	TNFSF15	9606.ENSP00000275364	9606.ENSP00000363157	0	0	0	0	0	0	0	0.239	0.239
GNA12	TGFBR2	9606.ENSP00000275364	9606.ENSP00000351905	0	0	0	0	0	0.159	0	0.156	0.260
GNA12	JAK2	9606.ENSP00000275364	9606.ENSP00000371067	0	0	0	0	0	0.159	0	0.167	0.269
GNA12	IRGM	9606.ENSP00000275364	9606.ENSP00000428220	0	0	0	0	0	0	0	0.274	0.274
GNA12	TAGAP	9606.ENSP00000275364	9606.ENSP00000356033	0	0	0	0	0	0	0	0.278	0.278
GNA12	PKD1L3	9606.ENSP00000275364	9606.ENSP00000480090	0	0	0	0	0	0	0	0.305	0.305
GNA12	RPS6KA4	9606.ENSP00000275364	9606.ENSP00000333896	0	0	0	0	0.166	0	0	0.211	0.314
GNA12	PRKCB	9606.ENSP00000275364	9606.ENSP00000305355	0	0	0	0	0	0.298	0	0.082	0.328
GNA12	IL7R	9606.ENSP00000275364	9606.ENSP00000306157	0	0	0	0	0	0	0	0.336	0.336
GNA12	ORMDL3	9606.ENSP00000275364	9606.ENSP00000377724	0	0	0	0	0.049	0	0	0.346	0.351
GNA12	GPSM1	9606.ENSP00000275364	9606.ENSP00000392828	0	0	0	0	0.065	0.314	0	0.122	0.387
GNA12	RGS1	9606.ENSP00000275364	9606.ENSP00000356429	0	0	0	0	0.066	0.211	0	0.412	0.529
GNA12	NKX2-3	9606.ENSP00000275364	9606.ENSP00000342828	0	0	0	0	0	0	0	0.665	0.665
GNA12	GNGT2	9606.ENSP00000275364	9606.ENSP00000426022	0	0	0	0	0	0.204	0.600	0.248	0.739
GNA12	GNAS	9606.ENSP00000275364	9606.ENSP00000360141	0	0	0	0.850	0.062	0.437	0.540	0.752	0.765
GNAS	KEAP1	9606.ENSP00000360141	9606.ENSP00000171111	0	0	0	0	0	0.121	0	0.112	0.186
GNAS	SCT	9606.ENSP00000360141	9606.ENSP00000176195	0	0	0	0	0	0.800	0.600	0.420	0.949
GNAS	RAB3A	9606.ENSP00000360141	9606.ENSP00000222256	0	0	0	0	0.098	0.067	0	0.081	0.159
GNAS	RPS6KB1	9606.ENSP00000360141	9606.ENSP00000225577	0	0	0	0	0.067	0.143	0	0.107	0.224
GNAS	LRP1	9606.ENSP00000360141	9606.ENSP00000243077	0	0	0	0	0.062	0.057	0	0.535	0.552
GNAS	SLC7A10	9606.ENSP00000360141	9606.ENSP00000253188	0	0	0	0	0.052	0.138	0	0.055	0.160
GNAS	STAT3	9606.ENSP00000360141	9606.ENSP00000264657	0	0	0	0	0.052	0	0	0.235	0.244
GNAS	GPR65	9606.ENSP00000360141	9606.ENSP00000267549	0	0	0	0	0	0.151	0	0	0.150
GNAS	SAMSN1	9606.ENSP00000360141	9606.ENSP00000285670	0	0	0	0	0.068	0	0	0.234	0.255
GNAS	PRKCB	9606.ENSP00000360141	9606.ENSP00000305355	0	0	0	0	0	0.078	0.900	0.139	0.913
GNAS	TUBD1	9606.ENSP00000360141	9606.ENSP00000320797	0	0	0	0	0.062	0.143	0	0	0.161
GNAS	TGFBR2	9606.ENSP00000360141	9606.ENSP00000351905	0	0	0	0	0	0.159	0	0.293	0.379
GNAS	RGS1	9606.ENSP00000360141	9606.ENSP00000356429	0	0	0	0	0.066	0.199	0	0.086	0.256
GNAS	SLC12A5	9606.ENSP00000360141	9606.ENSP00000387694	0	0	0	0	0.062	0.138	0	0	0.156
GNAS	PLCL1	9606.ENSP00000360141	9606.ENSP00000402861	0	0	0	0	0.063	0.118	0	0.061	0.156
GNAS	ITK	9606.ENSP00000360141	9606.ENSP00000398655	0	0	0	0	0	0.159	0	0.046	0.163
GNAS	ZFP36L1	9606.ENSP00000360141	9606.ENSP00000388402	0	0	0	0	0.062	0.147	0	0.059	0.181
GNAS	KSR1	9606.ENSP00000360141	9606.ENSP00000381958	0	0	0	0	0	0.159	0	0.070	0.185
GNAS	TGFBR1	9606.ENSP00000360141	9606.ENSP00000364133	0	0	0	0	0	0.159	0	0.095	0.206
GNAS	PTTG1	9606.ENSP00000360141	9606.ENSP00000377536	0	0	0	0	0	0	0	0.241	0.240
GNAS	THADA	9606.ENSP00000360141	9606.ENSP00000385995	0	0	0	0	0.061	0	0	0.242	0.257
GNAS	MUC1	9606.ENSP00000360141	9606.ENSP00000484824	0	0	0	0	0	0	0	0.260	0.260
GNAS	SSTR3	9606.ENSP00000360141	9606.ENSP00000480971	0	0	0	0	0	0.151	0	0.168	0.263
GNAS	SYK	9606.ENSP00000360141	9606.ENSP00000364907	0	0	0	0	0	0.159	0	0.189	0.289
GNAS	PKIG	9606.ENSP00000360141	9606.ENSP00000361980	0	0	0	0	0	0	0	0.317	0.317
GNAS	GPSM1	9606.ENSP00000360141	9606.ENSP00000392828	0	0	0	0	0.085	0.244	0	0.092	0.317
GNAS	JAK2	9606.ENSP00000360141	9606.ENSP00000371067	0	0	0	0	0	0.159	0	0.518	0.577
GNAS	GNGT2	9606.ENSP00000360141	9606.ENSP00000426022	0	0	0	0	0	0.244	0.600	0.147	0.719
GNGT2	SCT	9606.ENSP00000426022	9606.ENSP00000176195	0	0	0	0	0	0	0.600	0	0.600
GNGT2	PIK3R2	9606.ENSP00000426022	9606.ENSP00000222254	0	0	0	0	0	0	0.600	0.059	0.607
GNGT2	IRF8	9606.ENSP00000426022	9606.ENSP00000268638	0	0	0	0	0.208	0	0	0.062	0.225
GNGT2	SAMSN1	9606.ENSP00000426022	9606.ENSP00000285670	0	0	0	0	0.162	0	0	0	0.162
GNGT2	PRKCB	9606.ENSP00000426022	9606.ENSP00000305355	0	0	0	0	0.072	0.102	0.650	0.071	0.693
GNGT2	NRROS	9606.ENSP00000426022	9606.ENSP00000328625	0	0	0	0	0.151	0	0	0	0.151
GNGT2	RASAL3	9606.ENSP00000426022	9606.ENSP00000341905	0	0	0	0	0.183	0	0	0	0.183
GNGT2	LRRIQ4	9606.ENSP00000426022	9606.ENSP00000342188	0	0	0	0	0	0	0	0.206	0.206
GNGT2	SYK	9606.ENSP00000426022	9606.ENSP00000364907	0	0	0	0	0.113	0.056	0	0.067	0.151
GNGT2	SP140	9606.ENSP00000426022	9606.ENSP00000375899	0	0	0	0	0.142	0	0	0.233	0.313
GNGT2	GPSM1	9606.ENSP00000426022	9606.ENSP00000392828	0	0	0	0	0	0	0	0.280	0.280
GNGT2	PHOSPHO1	9606.ENSP00000426022	9606.ENSP00000406909	0	0	0	0	0.138	0	0	0.598	0.638
GNGT2	PTPRC	9606.ENSP00000426022	9606.ENSP00000411355	0	0	0	0	0.180	0	0	0	0.180
GPR65	IL2RB	9606.ENSP00000267549	9606.ENSP00000216223	0	0	0	0	0.228	0	0	0.066	0.248
GPR65	SLC22A5	9606.ENSP00000267549	9606.ENSP00000245407	0	0	0	0	0	0	0	0.152	0.152
GPR65	SP110	9606.ENSP00000267549	9606.ENSP00000258381	0	0	0	0	0.152	0	0	0.055	0.164
GPR65	IL18RAP	9606.ENSP00000267549	9606.ENSP00000264260	0	0	0	0	0.154	0	0	0.089	0.196
GPR65	SLC15A4	9606.ENSP00000267549	9606.ENSP00000266771	0	0	0	0	0.065	0	0	0.140	0.162
GPR65	HECA	9606.ENSP00000267549	9606.ENSP00000356630	0	0	0	0	0.153	0	0	0	0.152
GPR65	IRF5	9606.ENSP00000267549	9606.ENSP00000349770	0	0	0	0	0.121	0	0	0.082	0.158
GPR65	RASAL3	9606.ENSP00000267549	9606.ENSP00000341905	0	0	0	0	0.158	0	0	0	0.158
GPR65	NTN5	9606.ENSP00000267549	9606.ENSP00000270235	0	0	0	0	0	0	0	0.163	0.163
GPR65	TNFRSF14	9606.ENSP00000267549	9606.ENSP00000347948	0	0	0	0	0.097	0	0	0.114	0.166
GPR65	TNFSF15	9606.ENSP00000267549	9606.ENSP00000363157	0	0	0	0	0	0	0	0.179	0.179
GPR65	IL10	9606.ENSP00000267549	9606.ENSP00000412237	0	0	0	0	0.076	0	0	0.150	0.181
GPR65	TNFSF14	9606.ENSP00000267549	9606.ENSP00000469049	0	0	0	0	0.117	0	0	0.113	0.183
GPR65	IL18R1	9606.ENSP00000267549	9606.ENSP00000387211	0	0	0	0	0.107	0	0	0.124	0.185
GPR65	SYK	9606.ENSP00000267549	9606.ENSP00000364907	0	0	0	0	0.174	0.056	0	0	0.187
GPR65	MYO1A	9606.ENSP00000267549	9606.ENSP00000393392	0	0	0	0	0.108	0.114	0	0.057	0.189
GPR65	IL16	9606.ENSP00000267549	9606.ENSP00000302935	0	0	0	0	0.152	0.086	0	0	0.192
GPR65	NKX2-3	9606.ENSP00000267549	9606.ENSP00000342828	0	0	0	0	0	0.056	0	0.181	0.193
GPR65	NRROS	9606.ENSP00000267549	9606.ENSP00000328625	0	0	0	0	0.198	0	0	0	0.198
GPR65	IL2RA	9606.ENSP00000267549	9606.ENSP00000369293	0	0	0	0	0.123	0	0	0.124	0.198
GPR65	MPV17L2	9606.ENSP00000267549	9606.ENSP00000469836	0	0	0	0	0	0	0	0.206	0.206
GPR65	HAVCR2	9606.ENSP00000267549	9606.ENSP00000312002	0	0	0	0	0.213	0	0	0.044	0.216
GPR65	SP140	9606.ENSP00000267549	9606.ENSP00000375899	0	0	0	0	0.142	0	0	0.129	0.221
GPR65	LACC1	9606.ENSP00000267549	9606.ENSP00000391747	0	0	0	0	0.077	0	0	0.193	0.223
GPR65	IRGM	9606.ENSP00000267549	9606.ENSP00000428220	0	0	0	0	0.048	0	0	0.241	0.246
GPR65	KCNK4	9606.ENSP00000267549	9606.ENSP00000444948	0	0	0	0	0	0.058	0	0.237	0.251
GPR65	IL23R	9606.ENSP00000267549	9606.ENSP00000321345	0	0	0	0	0	0	0	0.256	0.256
GPR65	IKZF3	9606.ENSP00000267549	9606.ENSP00000344544	0	0	0	0	0.167	0.056	0	0.130	0.256
GPR65	ITK	9606.ENSP00000267549	9606.ENSP00000398655	0	0	0	0	0.273	0.056	0	0	0.284
GPR65	KIF21B	9606.ENSP00000267549	9606.ENSP00000411831	0	0	0	0	0	0	0	0.287	0.286
GPR65	IRF8	9606.ENSP00000267549	9606.ENSP00000268638	0	0	0	0	0.268	0	0	0.066	0.287
GPR65	ITGAX	9606.ENSP00000267549	9606.ENSP00000454623	0	0	0	0	0.217	0	0	0.146	0.303
GPR65	SAMSN1	9606.ENSP00000267549	9606.ENSP00000285670	0	0	0	0	0.246	0	0	0.135	0.320
GPR65	NOD2	9606.ENSP00000267549	9606.ENSP00000300589	0	0	0	0	0.152	0	0	0.248	0.335
GPR65	IL7R	9606.ENSP00000267549	9606.ENSP00000306157	0	0	0	0	0.324	0	0	0.108	0.371
GPR65	RGS1	9606.ENSP00000267549	9606.ENSP00000356429	0	0	0	0	0.341	0.056	0	0.229	0.478
GPR65	PTPRC	9606.ENSP00000267549	9606.ENSP00000411355	0	0	0	0	0.486	0	0	0.074	0.503
GPR65	IKZF1	9606.ENSP00000267549	9606.ENSP00000331614	0	0	0	0	0.545	0.056	0	0.127	0.593
GPR65	TAGAP	9606.ENSP00000267549	9606.ENSP00000356033	0	0	0	0	0.390	0	0	0.369	0.599
GPR65	PTPN22	9606.ENSP00000267549	9606.ENSP00000352833	0	0	0	0	0.582	0	0	0.161	0.635
GPSM1	IL1RL1	9606.ENSP00000392828	9606.ENSP00000233954	0	0	0	0	0	0	0	0.357	0.357
GPSM1	SLC9A4	9606.ENSP00000392828	9606.ENSP00000295269	0	0	0	0	0	0	0	0.431	0.431
GPSM1	SNAPC4	9606.ENSP00000392828	9606.ENSP00000298532	0	0	0	0	0.071	0	0	0.370	0.389
GPSM1	NOD2	9606.ENSP00000392828	9606.ENSP00000300589	0	0	0	0	0	0	0	0.291	0.290
GPSM1	IKZF1	9606.ENSP00000392828	9606.ENSP00000331614	0	0	0	0	0	0	0	0.211	0.211
GPSM1	RASAL3	9606.ENSP00000392828	9606.ENSP00000341905	0	0	0	0	0	0	0	0.152	0.151
GPSM1	NKX2-3	9606.ENSP00000392828	9606.ENSP00000342828	0	0	0	0	0	0	0	0.432	0.432
GPSM1	OR6K2	9606.ENSP00000392828	9606.ENSP00000352626	0	0	0	0	0	0	0	0.391	0.390
GPSM1	RGS1	9606.ENSP00000392828	9606.ENSP00000356429	0	0	0	0	0	0.076	0	0.224	0.252
GPSM1	PMPCA	9606.ENSP00000392828	9606.ENSP00000360782	0	0	0	0	0	0	0	0.194	0.194
GPSM1	PKIA	9606.ENSP00000392828	9606.ENSP00000379696	0	0	0	0	0	0	0	0.155	0.154
GPSM1	UBE2E2	9606.ENSP00000392828	9606.ENSP00000379931	0	0	0	0	0	0	0	0.272	0.272
GPSM1	IL18R1	9606.ENSP00000392828	9606.ENSP00000387211	0	0	0	0	0	0	0	0.329	0.329
GPX4	KEAP1	9606.ENSP00000346103	9606.ENSP00000171111	0	0	0	0	0	0	0	0.704	0.704
GPX4	HMOX1	9606.ENSP00000346103	9606.ENSP00000216117	0	0	0	0	0.062	0.074	0	0.775	0.788
GPX4	SLC22A5	9606.ENSP00000346103	9606.ENSP00000245407	0	0	0	0	0	0.065	0	0.135	0.157
GPX4	NOX4	9606.ENSP00000346103	9606.ENSP00000263317	0	0	0	0	0	0	0	0.541	0.541
GPX4	STAT3	9606.ENSP00000346103	9606.ENSP00000264657	0	0	0	0	0	0	0	0.197	0.197
GPX4	PRDX5	9606.ENSP00000346103	9606.ENSP00000265462	0	0	0	0	0.111	0.130	0	0.639	0.696
GPX4	GSDMA	9606.ENSP00000346103	9606.ENSP00000301659	0	0	0	0	0	0	0	0.181	0.181
GPX4	HP	9606.ENSP00000346103	9606.ENSP00000348170	0	0	0	0	0	0	0	0.174	0.174
GPX4	TRMT112	9606.ENSP00000346103	9606.ENSP00000438349	0	0	0	0	0.097	0	0	0.139	0.189
GPX4	MMP9	9606.ENSP00000346103	9606.ENSP00000361405	0	0	0	0	0	0	0	0.241	0.241
GPX4	TH	9606.ENSP00000346103	9606.ENSP00000370571	0	0	0	0	0	0	0	0.281	0.281
GPX4	POLR2E	9606.ENSP00000346103	9606.ENSP00000478303	0	0	0	0	0.170	0	0	0.181	0.291
GPX4	IL10	9606.ENSP00000346103	9606.ENSP00000412237	0	0	0	0	0	0	0	0.321	0.321
GPX4	SUOX	9606.ENSP00000346103	9606.ENSP00000377668	0.102	0	0	0	0	0	0	0.287	0.332
GPX4	PARK7	9606.ENSP00000346103	9606.ENSP00000418770	0	0	0	0	0.094	0.346	0	0.450	0.646
GRB2	IL2RB	9606.ENSP00000376345	9606.ENSP00000216223	0	0	0	0	0.108	0.270	0.900	0.113	0.934
GRB2	PIK3R2	9606.ENSP00000376345	9606.ENSP00000222254	0	0	0	0.629	0	0.702	0.500	0.572	0.876
GRB2	RPS6KB1	9606.ENSP00000376345	9606.ENSP00000225577	0	0	0	0	0.062	0.076	0.900	0.479	0.948
GRB2	IL4	9606.ENSP00000376345	9606.ENSP00000231449	0	0	0	0	0	0	0.900	0.334	0.930
GRB2	LRP1	9606.ENSP00000376345	9606.ENSP00000243077	0	0	0	0	0	0.057	0	0.154	0.169
GRB2	LIF	9606.ENSP00000376345	9606.ENSP00000249075	0	0	0	0	0	0	0.900	0.185	0.915
GRB2	NOX4	9606.ENSP00000376345	9606.ENSP00000263317	0	0	0	0	0	0	0	0.608	0.608
GRB2	STAT3	9606.ENSP00000376345	9606.ENSP00000264657	0	0	0	0	0.097	0.270	0.900	0.604	0.970
GRB2	IFNGR2	9606.ENSP00000376345	9606.ENSP00000290219	0	0	0	0	0	0	0	0.199	0.199
GRB2	TRAT1	9606.ENSP00000376345	9606.ENSP00000295756	0	0	0	0	0.064	0.270	0	0.595	0.699
GRB2	STAT6	9606.ENSP00000376345	9606.ENSP00000300134	0	0	0	0	0.062	0	0	0.365	0.379
GRB2	IL13	9606.ENSP00000376345	9606.ENSP00000304915	0	0	0	0	0	0	0	0.206	0.206
GRB2	PRKCB	9606.ENSP00000376345	9606.ENSP00000305355	0	0	0	0	0	0.150	0	0.286	0.367
GRB2	IL7R	9606.ENSP00000376345	9606.ENSP00000306157	0	0	0	0	0.090	0	0	0.134	0.178
GRB2	ZNF622	9606.ENSP00000376345	9606.ENSP00000310042	0	0	0	0	0	0.219	0	0	0.219
GRB2	MALT1	9606.ENSP00000376345	9606.ENSP00000319279	0	0	0	0	0.062	0	0	0.210	0.228
GRB2	TCF7	9606.ENSP00000376345	9606.ENSP00000340347	0	0	0	0	0	0.056	0	0.160	0.173
GRB2	RASAL3	9606.ENSP00000376345	9606.ENSP00000341905	0	0	0	0	0.064	0.078	0	0.102	0.157
GRB2	IKZF3	9606.ENSP00000376345	9606.ENSP00000344544	0	0	0	0	0	0.285	0.900	0.099	0.929
GRB2	TNFRSF14	9606.ENSP00000376345	9606.ENSP00000347948	0	0	0	0	0	0.131	0.600	0.210	0.701
GRB2	SPRED2	9606.ENSP00000376345	9606.ENSP00000348753	0	0	0	0	0	0.116	0	0.325	0.377
GRB2	IRF5	9606.ENSP00000376345	9606.ENSP00000349770	0	0	0	0	0	0.157	0	0.448	0.515
GRB2	TGFBR2	9606.ENSP00000376345	9606.ENSP00000351905	0	0	0	0	0	0.156	0	0.732	0.764
GRB2	PTPN22	9606.ENSP00000376345	9606.ENSP00000352833	0	0	0	0	0.054	0.346	0	0.329	0.549
GRB2	SPTA1	9606.ENSP00000376345	9606.ENSP00000357129	0	0	0	0	0	0	0.500	0.061	0.510
GRB2	THEMIS	9606.ENSP00000376345	9606.ENSP00000357231	0	0	0	0	0.052	0.887	0.720	0.913	0.997
GRB2	MMP9	9606.ENSP00000376345	9606.ENSP00000361405	0	0	0	0	0	0	0	0.341	0.341
GRB2	PLAU	9606.ENSP00000376345	9606.ENSP00000361850	0	0	0	0	0	0	0	0.247	0.246
GRB2	TGFBR1	9606.ENSP00000376345	9606.ENSP00000364133	0	0	0	0	0.063	0.156	0	0.949	0.957
GRB2	SYK	9606.ENSP00000376345	9606.ENSP00000364907	0	0	0	0	0.062	0.713	0.900	0.930	0.997
GRB2	IL2RA	9606.ENSP00000376345	9606.ENSP00000369293	0	0	0	0	0.049	0	0.900	0.695	0.968
GRB2	JAK2	9606.ENSP00000376345	9606.ENSP00000371067	0	0	0	0	0	0.728	0.900	0.982	0.999
GRB2	RAB5C	9606.ENSP00000376345	9606.ENSP00000447053	0	0	0	0	0.119	0	0	0.090	0.164
GRB2	PVR	9606.ENSP00000376345	9606.ENSP00000402060	0	0	0	0	0	0	0	0.200	0.200
GRB2	IL10	9606.ENSP00000376345	9606.ENSP00000412237	0	0	0	0	0	0	0	0.261	0.261
GRB2	PLCL1	9606.ENSP00000376345	9606.ENSP00000402861	0	0	0	0	0	0.218	0	0.147	0.304
GRB2	PTPRC	9606.ENSP00000376345	9606.ENSP00000411355	0	0	0	0	0.062	0.302	0	0.376	0.556
GRB2	KSR1	9606.ENSP00000376345	9606.ENSP00000381958	0	0	0	0	0	0.156	0	0.550	0.604
GRB2	ITK	9606.ENSP00000376345	9606.ENSP00000398655	0	0	0	0.646	0	0.547	0.900	0.776	0.965
GRB2	MUC1	9606.ENSP00000376345	9606.ENSP00000484824	0	0	0	0	0	0.310	0	0.976	0.983
GRHL2	TPD52	9606.ENSP00000251808	9606.ENSP00000429309	0	0	0	0	0.078	0	0	0.116	0.150
GRHL2	TCF7	9606.ENSP00000251808	9606.ENSP00000340347	0	0	0	0	0	0	0	0.153	0.153
GRHL2	NKX2-3	9606.ENSP00000251808	9606.ENSP00000342828	0	0	0	0	0	0.135	0	0.065	0.156
GRHL2	SAMSN1	9606.ENSP00000251808	9606.ENSP00000285670	0	0	0	0	0	0	0	0.158	0.158
GRHL2	KCNE1	9606.ENSP00000251808	9606.ENSP00000337255	0	0	0	0	0	0	0	0.293	0.293
GRHL2	TH	9606.ENSP00000251808	9606.ENSP00000370571	0	0	0	0	0	0	0	0.302	0.302
GRHL2	PRKCB	9606.ENSP00000251808	9606.ENSP00000305355	0	0	0	0	0	0	0	0.310	0.310
GSDMA	IL2RB	9606.ENSP00000301659	9606.ENSP00000216223	0	0	0	0	0	0	0	0.240	0.239
GSDMA	IL1RL1	9606.ENSP00000301659	9606.ENSP00000233954	0	0	0	0	0	0	0	0.390	0.390
GSDMA	SLC22A5	9606.ENSP00000301659	9606.ENSP00000245407	0	0	0	0	0	0	0	0.270	0.270
GSDMA	IRF1	9606.ENSP00000301659	9606.ENSP00000245414	0	0	0	0	0.072	0	0	0.150	0.178
GSDMA	IKZF4	9606.ENSP00000301659	9606.ENSP00000262032	0	0	0	0	0	0	0	0.181	0.181
GSDMA	KIAA1109	9606.ENSP00000301659	9606.ENSP00000264501	0	0	0	0	0	0	0	0.165	0.165
GSDMA	KRTCAP2	9606.ENSP00000301659	9606.ENSP00000295682	0	0	0	0	0	0	0	0.372	0.372
GSDMA	NOD2	9606.ENSP00000301659	9606.ENSP00000300589	0	0	0	0	0	0	0	0.150	0.150
GSDMA	TAGAP	9606.ENSP00000301659	9606.ENSP00000356033	0	0	0	0	0	0	0	0.171	0.171
GSDMA	IL13	9606.ENSP00000301659	9606.ENSP00000304915	0	0	0	0	0	0	0	0.189	0.189
GSDMA	TSLP	9606.ENSP00000301659	9606.ENSP00000339804	0	0	0	0	0	0	0	0.231	0.230
GSDMA	PTPN22	9606.ENSP00000301659	9606.ENSP00000352833	0	0	0	0	0	0	0	0.234	0.234
GSDMA	WDR36	9606.ENSP00000301659	9606.ENSP00000423067	0	0	0	0	0	0	0	0.244	0.243
GSDMA	HORMAD2	9606.ENSP00000301659	9606.ENSP00000336984	0	0	0	0	0	0	0	0.266	0.266
GSDMA	GSDMB	9606.ENSP00000301659	9606.ENSP00000415049	0	0	0	0.699	0	0	0	0.909	0.302
GSDMA	IL18R1	9606.ENSP00000301659	9606.ENSP00000387211	0	0	0	0	0	0	0	0.325	0.325
GSDMA	TGFBR2	9606.ENSP00000301659	9606.ENSP00000351905	0	0	0	0	0	0	0	0.412	0.412
GSDMA	IKZF3	9606.ENSP00000301659	9606.ENSP00000344544	0	0	0	0	0.088	0	0	0.547	0.569
GSDMA	ZPBP2	9606.ENSP00000301659	9606.ENSP00000335384	0	0	0	0	0	0	0	0.710	0.710
GSDMA	ORMDL3	9606.ENSP00000301659	9606.ENSP00000377724	0	0	0	0	0.097	0	0	0.710	0.726
GSDMB	SLC22A4	9606.ENSP00000415049	9606.ENSP00000200652	0	0	0	0	0	0	0	0.165	0.165
GSDMB	IL2RB	9606.ENSP00000415049	9606.ENSP00000216223	0	0	0	0	0	0	0	0.469	0.469
GSDMB	IL4	9606.ENSP00000415049	9606.ENSP00000231449	0	0	0	0	0	0	0	0.234	0.234
GSDMB	IL1RL1	9606.ENSP00000415049	9606.ENSP00000233954	0	0	0	0	0	0	0	0.681	0.681
GSDMB	SLC22A5	9606.ENSP00000415049	9606.ENSP00000245407	0	0	0	0	0	0	0	0.402	0.402
GSDMB	NDFIP1	9606.ENSP00000415049	9606.ENSP00000253814	0	0	0	0	0	0	0	0.208	0.208
GSDMB	IKZF4	9606.ENSP00000415049	9606.ENSP00000262032	0	0	0	0	0	0	0	0.341	0.341
GSDMB	IL12RB2	9606.ENSP00000415049	9606.ENSP00000262345	0	0	0	0	0	0	0	0.166	0.165
GSDMB	IL18RAP	9606.ENSP00000415049	9606.ENSP00000264260	0	0	0	0	0	0	0	0.187	0.187
GSDMB	KIAA1109	9606.ENSP00000415049	9606.ENSP00000264501	0	0	0	0	0	0	0	0.286	0.286
GSDMB	JAZF1	9606.ENSP00000415049	9606.ENSP00000283928	0	0	0	0	0	0	0	0.210	0.210
GSDMB	KRTCAP2	9606.ENSP00000415049	9606.ENSP00000295682	0	0	0	0	0	0	0	0.271	0.271
GSDMB	STAT6	9606.ENSP00000415049	9606.ENSP00000300134	0	0	0	0	0	0	0	0.251	0.250
GSDMB	NOD2	9606.ENSP00000415049	9606.ENSP00000300589	0	0	0	0	0	0	0	0.181	0.181
GSDMB	IL13	9606.ENSP00000415049	9606.ENSP00000304915	0	0	0	0	0	0	0	0.422	0.422
GSDMB	TNIP1	9606.ENSP00000415049	9606.ENSP00000317891	0	0	0	0	0	0	0	0.180	0.179
GSDMB	IL23R	9606.ENSP00000415049	9606.ENSP00000321345	0	0	0	0	0	0	0	0.194	0.194
GSDMB	IKZF1	9606.ENSP00000415049	9606.ENSP00000331614	0	0	0	0	0	0	0	0.161	0.161
GSDMB	ZPBP2	9606.ENSP00000415049	9606.ENSP00000335384	0	0	0	0	0	0	0	0.857	0.857
GSDMB	TSLP	9606.ENSP00000415049	9606.ENSP00000339804	0	0	0	0	0	0	0	0.558	0.558
GSDMB	IKZF3	9606.ENSP00000415049	9606.ENSP00000344544	0	0	0	0	0.137	0	0	0.681	0.713
GSDMB	IRF5	9606.ENSP00000415049	9606.ENSP00000349770	0	0	0	0	0	0	0	0.212	0.212
GSDMB	PTPN22	9606.ENSP00000415049	9606.ENSP00000352833	0	0	0	0	0	0	0	0.292	0.292
GSDMB	TNFSF15	9606.ENSP00000415049	9606.ENSP00000363157	0	0	0	0	0	0	0	0.213	0.213
GSDMB	IL2RA	9606.ENSP00000415049	9606.ENSP00000369293	0	0	0	0	0	0	0	0.188	0.188
GSDMB	SUOX	9606.ENSP00000415049	9606.ENSP00000377668	0	0	0	0	0	0	0	0.182	0.181
GSDMB	ORMDL3	9606.ENSP00000415049	9606.ENSP00000377724	0	0	0	0	0.248	0	0	0.885	0.910
GSDMB	IL18R1	9606.ENSP00000415049	9606.ENSP00000387211	0	0	0	0	0	0	0	0.653	0.653
GSDMB	LACC1	9606.ENSP00000415049	9606.ENSP00000391747	0	0	0	0	0	0	0	0.180	0.179
GSDMB	PLCL1	9606.ENSP00000415049	9606.ENSP00000402861	0	0	0	0	0	0	0	0.170	0.169
GSDMB	WDR36	9606.ENSP00000415049	9606.ENSP00000423067	0	0	0	0	0	0	0	0.557	0.557
HAVCR2	IL2RB	9606.ENSP00000312002	9606.ENSP00000216223	0	0	0	0	0.125	0	0	0.396	0.449
HAVCR2	IL4	9606.ENSP00000312002	9606.ENSP00000231449	0	0	0	0	0	0	0	0.557	0.557
HAVCR2	LRP1	9606.ENSP00000312002	9606.ENSP00000243077	0	0	0	0	0	0	0	0.209	0.209
HAVCR2	IRF1	9606.ENSP00000312002	9606.ENSP00000245414	0	0	0	0	0.083	0	0	0.233	0.267
HAVCR2	IL12RB2	9606.ENSP00000312002	9606.ENSP00000262345	0	0	0	0	0	0	0	0.210	0.210
HAVCR2	IL21	9606.ENSP00000312002	9606.ENSP00000264497	0	0	0	0	0	0	0	0.281	0.281
HAVCR2	STAT3	9606.ENSP00000312002	9606.ENSP00000264657	0	0	0	0	0	0	0	0.459	0.459
HAVCR2	IRF8	9606.ENSP00000312002	9606.ENSP00000268638	0	0	0	0	0.127	0	0	0.181	0.254
HAVCR2	MYRF	9606.ENSP00000312002	9606.ENSP00000278836	0	0	0	0	0.062	0	0	0.137	0.155
HAVCR2	MED7	9606.ENSP00000312002	9606.ENSP00000286317	0	0.598	0	0	0	0	0.540	0.107	0.820
HAVCR2	IFNGR2	9606.ENSP00000312002	9606.ENSP00000290219	0	0	0	0	0.049	0	0	0.162	0.169
HAVCR2	PPBP	9606.ENSP00000312002	9606.ENSP00000296028	0	0	0	0	0.069	0	0	0.258	0.279
HAVCR2	STAT6	9606.ENSP00000312002	9606.ENSP00000300134	0	0	0	0	0	0	0	0.230	0.229
HAVCR2	NOD2	9606.ENSP00000312002	9606.ENSP00000300589	0	0	0	0	0.119	0	0	0.081	0.156
HAVCR2	IL16	9606.ENSP00000312002	9606.ENSP00000302935	0	0	0	0	0.099	0	0	0.118	0.172
HAVCR2	IL13	9606.ENSP00000312002	9606.ENSP00000304915	0	0	0	0	0	0	0	0.406	0.406
HAVCR2	IL7R	9606.ENSP00000312002	9606.ENSP00000306157	0	0	0	0	0.162	0	0	0.619	0.667
HAVCR2	TGFBR2	9606.ENSP00000312002	9606.ENSP00000351905	0	0	0	0	0	0	0	0.165	0.165
HAVCR2	IL23R	9606.ENSP00000312002	9606.ENSP00000321345	0	0	0	0	0	0	0	0.166	0.166
HAVCR2	PTPN22	9606.ENSP00000312002	9606.ENSP00000352833	0	0	0	0	0.124	0	0	0.095	0.173
HAVCR2	IRF5	9606.ENSP00000312002	9606.ENSP00000349770	0	0	0	0	0.097	0	0	0.122	0.173
HAVCR2	IRF7	9606.ENSP00000312002	9606.ENSP00000380697	0	0	0	0	0	0	0	0.173	0.173
HAVCR2	IKZF3	9606.ENSP00000312002	9606.ENSP00000344544	0	0	0	0	0.107	0	0	0.114	0.176
HAVCR2	TRAF1	9606.ENSP00000312002	9606.ENSP00000362994	0	0	0	0	0.089	0	0	0.132	0.176
HAVCR2	IL18R1	9606.ENSP00000312002	9606.ENSP00000387211	0	0	0	0	0.063	0	0	0.167	0.186
HAVCR2	TAGAP	9606.ENSP00000312002	9606.ENSP00000356033	0	0	0	0	0.119	0	0	0.122	0.193
HAVCR2	RGS1	9606.ENSP00000312002	9606.ENSP00000356429	0	0	0	0	0.183	0	0	0.074	0.211
HAVCR2	MMP9	9606.ENSP00000312002	9606.ENSP00000361405	0	0	0	0	0.077	0	0	0.216	0.245
HAVCR2	ITGA4	9606.ENSP00000312002	9606.ENSP00000380227	0	0	0	0	0	0	0	0.258	0.258
HAVCR2	IKZF1	9606.ENSP00000312002	9606.ENSP00000331614	0	0	0	0	0.142	0	0	0.176	0.262
HAVCR2	MUC1	9606.ENSP00000312002	9606.ENSP00000484824	0	0	0	0	0	0	0	0.292	0.292
HAVCR2	JAK2	9606.ENSP00000312002	9606.ENSP00000371067	0	0	0	0	0	0	0	0.294	0.294
HAVCR2	TNFSF14	9606.ENSP00000312002	9606.ENSP00000469049	0	0	0	0	0.092	0	0	0.279	0.317
HAVCR2	ITK	9606.ENSP00000312002	9606.ENSP00000398655	0	0	0	0	0.110	0	0	0.323	0.372
HAVCR2	TCF7	9606.ENSP00000312002	9606.ENSP00000340347	0	0	0	0	0	0	0	0.406	0.406
HAVCR2	SYK	9606.ENSP00000312002	9606.ENSP00000364907	0	0	0	0	0.123	0.270	0	0.231	0.465
HAVCR2	IL2RA	9606.ENSP00000312002	9606.ENSP00000369293	0	0	0	0	0.131	0	0	0.445	0.497
HAVCR2	PMEL	9606.ENSP00000312002	9606.ENSP00000402758	0	0	0	0	0	0	0	0.514	0.514
HAVCR2	PVR	9606.ENSP00000312002	9606.ENSP00000402060	0	0	0	0	0	0	0	0.559	0.559
HAVCR2	TNFRSF14	9606.ENSP00000312002	9606.ENSP00000347948	0	0	0	0	0.068	0	0	0.560	0.572
HAVCR2	ITGAX	9606.ENSP00000312002	9606.ENSP00000454623	0	0	0	0	0.225	0	0	0.517	0.609
HAVCR2	IFI30	9606.ENSP00000312002	9606.ENSP00000384886	0	0	0	0	0.197	0	0	0.570	0.640
HAVCR2	PTPRC	9606.ENSP00000312002	9606.ENSP00000411355	0	0	0	0	0.207	0	0	0.600	0.669
HAVCR2	IL10	9606.ENSP00000312002	9606.ENSP00000412237	0	0	0	0	0.076	0	0	0.681	0.692
HCRT	SCT	9606.ENSP00000293330	9606.ENSP00000176195	0	0	0	0	0	0	0	0.472	0.472
HCRT	RPS6KB1	9606.ENSP00000293330	9606.ENSP00000225577	0	0	0	0	0	0	0	0.185	0.185
HCRT	STAT3	9606.ENSP00000293330	9606.ENSP00000264657	0	0	0	0	0	0	0	0.397	0.396
HCRT	KCNH4	9606.ENSP00000293330	9606.ENSP00000264661	0	0	0	0	0	0	0	0.415	0.414
HCRT	KCNK4	9606.ENSP00000293330	9606.ENSP00000444948	0	0	0	0	0	0	0	0.158	0.158
HCRT	IL10	9606.ENSP00000293330	9606.ENSP00000412237	0	0	0	0	0	0	0	0.160	0.160
HCRT	JAK2	9606.ENSP00000293330	9606.ENSP00000371067	0	0	0	0	0	0	0	0.171	0.171
HCRT	TH	9606.ENSP00000293330	9606.ENSP00000370571	0	0	0	0	0	0	0	0.650	0.650
HECA	IL4	9606.ENSP00000356630	9606.ENSP00000231449	0	0	0	0	0	0	0	0.157	0.157
HECA	ZFP36L1	9606.ENSP00000356630	9606.ENSP00000388402	0	0	0	0	0.254	0	0	0	0.254
HECA	ITGA4	9606.ENSP00000356630	9606.ENSP00000380227	0	0	0	0	0	0	0	0.310	0.309
HECA	PTPRC	9606.ENSP00000356630	9606.ENSP00000411355	0	0	0	0	0.091	0	0	0.276	0.314
HHEX	HNF1A	9606.ENSP00000282728	9606.ENSP00000257555	0	0	0	0	0.062	0	0	0.591	0.600
HHEX	IRF8	9606.ENSP00000282728	9606.ENSP00000268638	0	0	0	0	0.082	0	0	0.150	0.186
HHEX	ZGLP1	9606.ENSP00000282728	9606.ENSP00000384434	0	0	0	0	0	0.113	0	0.085	0.153
HHEX	MYNN	9606.ENSP00000282728	9606.ENSP00000326240	0	0	0	0	0	0.116	0	0.117	0.186
HHEX	PTPRC	9606.ENSP00000282728	9606.ENSP00000411355	0	0	0	0	0.076	0	0	0.163	0.193
HHEX	IFI30	9606.ENSP00000282728	9606.ENSP00000384886	0	0	0	0	0.070	0	0	0.168	0.193
HHEX	TCF7	9606.ENSP00000282728	9606.ENSP00000340347	0	0	0	0	0	0	0	0.238	0.238
HHEX	NKX2-3	9606.ENSP00000282728	9606.ENSP00000342828	0	0	0	0.643	0.062	0.066	0	0.680	0.304
HHEX	IKZF1	9606.ENSP00000282728	9606.ENSP00000331614	0	0	0	0	0.087	0.116	0	0.220	0.315
HHEX	SOX8	9606.ENSP00000282728	9606.ENSP00000293894	0	0	0	0	0	0.302	0	0.086	0.335
HHEX	UBE2E2	9606.ENSP00000282728	9606.ENSP00000379931	0	0	0	0	0	0	0	0.410	0.410
HHEX	JAZF1	9606.ENSP00000282728	9606.ENSP00000283928	0	0	0	0	0	0	0	0.708	0.708
HHEX	THADA	9606.ENSP00000282728	9606.ENSP00000385995	0	0	0	0	0	0	0	0.784	0.784
HMOX1	NFE2L3	9606.ENSP00000216117	9606.ENSP00000056233	0	0	0	0	0	0	0	0.413	0.413
HMOX1	KEAP1	9606.ENSP00000216117	9606.ENSP00000171111	0	0	0	0	0	0	0	0.904	0.904
HMOX1	SLC22A4	9606.ENSP00000216117	9606.ENSP00000200652	0	0	0	0	0.092	0	0	0.138	0.184
HMOX1	TRAF1	9606.ENSP00000216117	9606.ENSP00000362994	0	0	0	0	0.069	0	0	0.126	0.151
HMOX1	IRF8	9606.ENSP00000216117	9606.ENSP00000268638	0	0	0	0	0.062	0	0	0.134	0.152
HMOX1	IRF7	9606.ENSP00000216117	9606.ENSP00000380697	0	0	0	0	0.076	0	0	0.124	0.155
HMOX1	IL19	9606.ENSP00000216117	9606.ENSP00000343000	0	0	0	0	0	0	0	0.158	0.158
HMOX1	IFI30	9606.ENSP00000216117	9606.ENSP00000384886	0	0	0	0	0.147	0	0	0.055	0.159
HMOX1	TGFBR1	9606.ENSP00000216117	9606.ENSP00000364133	0	0	0	0	0	0.056	0	0.152	0.165
HMOX1	WISP1	9606.ENSP00000216117	9606.ENSP00000250160	0	0	0	0	0	0	0	0.165	0.165
HMOX1	TMPRSS6	9606.ENSP00000216117	9606.ENSP00000371211	0	0	0	0	0	0	0	0.166	0.165
HMOX1	SYK	9606.ENSP00000216117	9606.ENSP00000364907	0	0	0	0	0	0.056	0	0.160	0.173
HMOX1	NOD2	9606.ENSP00000216117	9606.ENSP00000300589	0	0	0	0	0.076	0	0	0.148	0.179
HMOX1	PRKCB	9606.ENSP00000216117	9606.ENSP00000305355	0	0	0	0	0	0	0	0.190	0.190
HMOX1	IL16	9606.ENSP00000216117	9606.ENSP00000302935	0	0	0	0	0	0	0	0.203	0.203
HMOX1	TGFBR2	9606.ENSP00000216117	9606.ENSP00000351905	0	0	0	0	0.075	0.056	0	0.161	0.204
HMOX1	RETNLB	9606.ENSP00000216117	9606.ENSP00000295755	0	0	0	0	0	0	0	0.214	0.214
HMOX1	IRF1	9606.ENSP00000216117	9606.ENSP00000245414	0	0	0	0	0.049	0	0	0.222	0.228
HMOX1	PLAU	9606.ENSP00000216117	9606.ENSP00000361850	0	0	0	0	0.070	0	0	0.216	0.239
HMOX1	STAT6	9606.ENSP00000216117	9606.ENSP00000300134	0	0	0	0	0	0	0	0.245	0.244
HMOX1	PF4	9606.ENSP00000216117	9606.ENSP00000296029	0	0	0	0	0.049	0	0	0.254	0.260
HMOX1	HNF1A	9606.ENSP00000216117	9606.ENSP00000257555	0	0	0	0	0	0	0	0.261	0.261
HMOX1	LIF	9606.ENSP00000216117	9606.ENSP00000249075	0	0	0	0	0.076	0	0	0.260	0.287
HMOX1	ITGAX	9606.ENSP00000216117	9606.ENSP00000454623	0	0	0	0	0.049	0	0	0.296	0.301
HMOX1	PRDX5	9606.ENSP00000216117	9606.ENSP00000265462	0	0	0	0	0.067	0	0	0.291	0.310
HMOX1	RPS6KB1	9606.ENSP00000216117	9606.ENSP00000225577	0	0	0	0	0	0	0	0.323	0.323
HMOX1	HSPA6	9606.ENSP00000216117	9606.ENSP00000310219	0	0	0	0	0.089	0	0	0.300	0.335
HMOX1	JAK2	9606.ENSP00000216117	9606.ENSP00000371067	0	0	0	0	0	0.056	0	0.365	0.374
HMOX1	PTPRC	9606.ENSP00000216117	9606.ENSP00000411355	0	0	0	0	0	0	0	0.391	0.390
HMOX1	TOM1	9606.ENSP00000216117	9606.ENSP00000413697	0	0	0	0	0.076	0	0	0.390	0.412
HMOX1	IL21	9606.ENSP00000216117	9606.ENSP00000264497	0	0	0	0	0	0	0	0.433	0.433
HMOX1	PARK7	9606.ENSP00000216117	9606.ENSP00000418770	0	0	0	0	0.062	0	0	0.459	0.470
HMOX1	TH	9606.ENSP00000216117	9606.ENSP00000370571	0	0	0	0	0.081	0	0	0.458	0.480
HMOX1	HP	9606.ENSP00000216117	9606.ENSP00000348170	0	0	0	0	0	0	0	0.617	0.617
HMOX1	MMP9	9606.ENSP00000216117	9606.ENSP00000361405	0	0	0	0	0.088	0	0	0.619	0.637
HMOX1	NOX4	9606.ENSP00000216117	9606.ENSP00000263317	0	0	0	0	0	0	0	0.645	0.645
HMOX1	IL10	9606.ENSP00000216117	9606.ENSP00000412237	0	0	0	0	0	0	0	0.695	0.695
HMOX1	STAT3	9606.ENSP00000216117	9606.ENSP00000264657	0	0	0	0	0	0	0	0.714	0.714
HMOX1	LRP1	9606.ENSP00000216117	9606.ENSP00000243077	0	0	0	0	0.065	0	0	0.822	0.827
HMOX1	IL13	9606.ENSP00000216117	9606.ENSP00000304915	0	0	0	0	0	0	0.900	0.423	0.939
HMOX1	IL4	9606.ENSP00000216117	9606.ENSP00000231449	0	0	0	0	0	0	0.900	0.505	0.948
HNF1A	KEAP1	9606.ENSP00000257555	9606.ENSP00000171111	0	0	0	0	0	0	0	0.155	0.155
HNF1A	KAT2A	9606.ENSP00000257555	9606.ENSP00000225916	0	0	0	0	0	0.180	0	0	0.179
HNF1A	IRF1	9606.ENSP00000257555	9606.ENSP00000245414	0	0	0	0	0	0	0	0.241	0.240
HNF1A	LIF	9606.ENSP00000257555	9606.ENSP00000249075	0	0	0	0	0	0	0	0.160	0.160
HNF1A	NOX4	9606.ENSP00000257555	9606.ENSP00000263317	0	0	0	0	0.062	0	0	0.135	0.154
HNF1A	IL10	9606.ENSP00000257555	9606.ENSP00000412237	0	0	0	0	0	0	0	0.160	0.160
HNF1A	PTPRC	9606.ENSP00000257555	9606.ENSP00000411355	0	0	0	0	0	0	0	0.163	0.163
HNF1A	TH	9606.ENSP00000257555	9606.ENSP00000370571	0	0	0	0	0.064	0	0	0.161	0.181
HNF1A	JAK2	9606.ENSP00000257555	9606.ENSP00000371067	0	0	0	0	0	0	0	0.181	0.181
HNF1A	SLC9A3	9606.ENSP00000257555	9606.ENSP00000264938	0	0	0	0	0	0	0	0.183	0.183
HNF1A	MMP9	9606.ENSP00000257555	9606.ENSP00000361405	0	0	0	0	0	0	0	0.193	0.193
HNF1A	KCNH4	9606.ENSP00000257555	9606.ENSP00000264661	0	0	0	0	0	0	0	0.202	0.202
HNF1A	SLC26A3	9606.ENSP00000257555	9606.ENSP00000345873	0	0	0	0	0.094	0	0	0.181	0.226
HNF1A	STAT3	9606.ENSP00000257555	9606.ENSP00000264657	0	0	0	0	0	0.270	0	0.690	0.764
HORMAD2	SDF2L1	9606.ENSP00000336984	9606.ENSP00000248958	0	0	0	0	0	0	0	0.161	0.161
HORMAD2	SLX4	9606.ENSP00000336984	9606.ENSP00000294008	0	0	0	0	0	0	0	0.152	0.152
HORMAD2	SYNGR1	9606.ENSP00000336984	9606.ENSP00000332287	0	0	0	0	0	0	0	0.184	0.184
HORMAD2	TMPRSS6	9606.ENSP00000336984	9606.ENSP00000371211	0	0	0	0	0	0.159	0	0	0.158
HORMAD2	HPR	9606.ENSP00000336984	9606.ENSP00000441828	0	0	0	0	0	0.159	0	0	0.158
HORMAD2	HP	9606.ENSP00000336984	9606.ENSP00000348170	0	0	0	0	0	0.159	0	0	0.158
HORMAD2	TAGAP	9606.ENSP00000336984	9606.ENSP00000356033	0	0	0	0	0	0	0	0.165	0.165
HP	IL4	9606.ENSP00000348170	9606.ENSP00000231449	0	0	0	0	0	0	0	0.463	0.463
HP	LRP1	9606.ENSP00000348170	9606.ENSP00000243077	0	0	0	0	0.062	0.056	0	0.534	0.552
HP	LIF	9606.ENSP00000348170	9606.ENSP00000249075	0	0	0	0	0	0	0	0.218	0.218
HP	STAT3	9606.ENSP00000348170	9606.ENSP00000264657	0	0	0	0	0.062	0	0	0.399	0.412
HP	RETNLB	9606.ENSP00000348170	9606.ENSP00000295755	0	0	0	0	0.055	0	0	0.140	0.153
HP	PPBP	9606.ENSP00000348170	9606.ENSP00000296028	0	0	0	0	0	0	0	0.315	0.315
HP	PF4	9606.ENSP00000348170	9606.ENSP00000296029	0	0	0	0	0.062	0	0	0.384	0.397
HP	NOD2	9606.ENSP00000348170	9606.ENSP00000300589	0	0	0	0	0	0	0	0.210	0.210
HP	IL16	9606.ENSP00000348170	9606.ENSP00000302935	0	0	0	0	0	0	0	0.181	0.181
HP	IL13	9606.ENSP00000348170	9606.ENSP00000304915	0	0	0	0	0	0	0	0.347	0.347
HP	ICAM4	9606.ENSP00000348170	9606.ENSP00000342114	0	0	0	0	0	0	0	0.205	0.205
HP	KIF21B	9606.ENSP00000348170	9606.ENSP00000411831	0	0	0	0	0	0.160	0	0	0.159
HP	PARK7	9606.ENSP00000348170	9606.ENSP00000418770	0	0	0	0	0	0	0	0.168	0.168
HP	JAK2	9606.ENSP00000348170	9606.ENSP00000371067	0	0	0	0	0	0.056	0	0.165	0.178
HP	ITGAX	9606.ENSP00000348170	9606.ENSP00000454623	0	0	0	0	0.062	0	0	0.184	0.201
HP	TMPRSS6	9606.ENSP00000348170	9606.ENSP00000371211	0	0	0	0.621	0.076	0	0	0.432	0.219
HP	PLAU	9606.ENSP00000348170	9606.ENSP00000361850	0	0	0.398	0.593	0	0	0	0.150	0.223
HP	PTPRC	9606.ENSP00000348170	9606.ENSP00000411355	0	0	0	0	0.085	0.056	0	0.203	0.251
HP	MUC1	9606.ENSP00000348170	9606.ENSP00000484824	0	0	0	0	0	0	0	0.341	0.341
HP	IL10	9606.ENSP00000348170	9606.ENSP00000412237	0	0	0	0	0	0	0	0.671	0.672
HP	MMP9	9606.ENSP00000348170	9606.ENSP00000361405	0	0	0	0	0.062	0	0	0.865	0.868
HP	HPR	9606.ENSP00000348170	9606.ENSP00000441828	0	0	0.447	0.982	0.804	0	0.720	0.651	0.943
HPR	MMP9	9606.ENSP00000441828	9606.ENSP00000361405	0	0	0	0	0.062	0	0	0.210	0.227
HPR	PLAU	9606.ENSP00000441828	9606.ENSP00000361850	0	0	0.391	0.600	0	0	0	0.081	0.194
HPR	TMPRSS6	9606.ENSP00000441828	9606.ENSP00000371211	0	0	0	0.653	0.097	0	0	0.314	0.186
HPR	KIF21B	9606.ENSP00000441828	9606.ENSP00000411831	0	0	0	0	0	0.160	0	0	0.159
HSPA6	PIK3R2	9606.ENSP00000310219	9606.ENSP00000222254	0	0	0	0	0.048	0.158	0	0.074	0.192
HSPA6	SDF2L1	9606.ENSP00000310219	9606.ENSP00000248958	0	0	0	0	0.063	0.146	0	0.075	0.195
HSPA6	PRDX5	9606.ENSP00000310219	9606.ENSP00000265462	0	0	0	0	0	0.070	0	0.149	0.174
HSPA6	RAVER1	9606.ENSP00000310219	9606.ENSP00000293677	0	0	0	0	0.062	0.125	0	0.063	0.163
HSPA6	KRTCAP2	9606.ENSP00000310219	9606.ENSP00000295682	0	0	0	0	0.153	0	0	0	0.152
HSPA6	NOD2	9606.ENSP00000310219	9606.ENSP00000300589	0	0	0	0	0.156	0	0	0.066	0.178
HSPA6	ZNF622	9606.ENSP00000310219	9606.ENSP00000310042	0	0	0	0	0.104	0.056	0	0.084	0.157
HSPA6	WDR36	9606.ENSP00000310219	9606.ENSP00000423067	0	0	0	0	0.135	0.060	0	0	0.152
HSPA6	JAK2	9606.ENSP00000310219	9606.ENSP00000371067	0	0	0	0	0.063	0.125	0	0.055	0.158
HSPA6	TUBD1	9606.ENSP00000310219	9606.ENSP00000320797	0	0	0	0	0	0.151	0	0.067	0.174
HSPA6	SYK	9606.ENSP00000310219	9606.ENSP00000364907	0	0	0	0	0.089	0.125	0	0.053	0.179
HSPA6	TGFBR2	9606.ENSP00000310219	9606.ENSP00000351905	0	0	0	0	0	0.125	0	0.104	0.182
HSPA6	MMP9	9606.ENSP00000310219	9606.ENSP00000361405	0	0	0	0	0.140	0.058	0	0.074	0.184
HSPA6	OS9	9606.ENSP00000310219	9606.ENSP00000318165	0	0	0	0	0.066	0.121	0	0.097	0.193
HSPA6	PPIL2	9606.ENSP00000310219	9606.ENSP00000334553	0	0	0	0	0.065	0.166	0	0.067	0.208
HSPA6	PMPCA	9606.ENSP00000310219	9606.ENSP00000360782	0	0	0	0	0.073	0.156	0	0.100	0.234
HSPA6	RPS26	9606.ENSP00000310219	9606.ENSP00000348849	0	0	0	0	0.242	0	0	0.062	0.259
HSPA6	PARK7	9606.ENSP00000310219	9606.ENSP00000418770	0.060	0	0	0	0.103	0.184	0	0.140	0.329
HSPA6	RPL3	9606.ENSP00000310219	9606.ENSP00000346001	0.044	0	0	0	0.266	0.064	0	0.105	0.333
ICAM3	NRROS	9606.ENSP00000160262	9606.ENSP00000328625	0	0	0	0	0.151	0	0	0	0.151
ICAM3	RASAL3	9606.ENSP00000160262	9606.ENSP00000341905	0	0	0	0	0.153	0	0	0	0.152
ICAM3	TNFRSF14	9606.ENSP00000160262	9606.ENSP00000347948	0	0	0	0	0.102	0	0	0.095	0.152
ICAM3	IL2RA	9606.ENSP00000160262	9606.ENSP00000369293	0	0	0	0	0	0	0	0.155	0.154
ICAM3	STAT3	9606.ENSP00000160262	9606.ENSP00000264657	0	0	0	0	0.049	0	0	0.151	0.158
ICAM3	TAGAP	9606.ENSP00000160262	9606.ENSP00000356033	0	0	0	0	0.125	0	0	0.089	0.168
ICAM3	IL7R	9606.ENSP00000160262	9606.ENSP00000306157	0	0	0	0	0.049	0	0	0.171	0.177
ICAM3	IRF1	9606.ENSP00000160262	9606.ENSP00000245414	0	0	0	0	0.090	0	0	0.135	0.179
ICAM3	STAT6	9606.ENSP00000160262	9606.ENSP00000300134	0	0	0	0	0.069	0	0	0.156	0.181
ICAM3	JAK2	9606.ENSP00000160262	9606.ENSP00000371067	0	0	0	0	0	0	0	0.187	0.187
ICAM3	IRF7	9606.ENSP00000160262	9606.ENSP00000380697	0	0	0	0	0.103	0	0	0.137	0.193
ICAM3	LRP1	9606.ENSP00000160262	9606.ENSP00000243077	0	0	0	0	0	0	0	0.210	0.210
ICAM3	KSR1	9606.ENSP00000160262	9606.ENSP00000381958	0	0	0	0	0	0	0	0.215	0.215
ICAM3	IL16	9606.ENSP00000160262	9606.ENSP00000302935	0	0	0	0	0.107	0	0	0.160	0.218
ICAM3	IL13	9606.ENSP00000160262	9606.ENSP00000304915	0	0	0	0	0	0	0	0.260	0.260
ICAM3	RAVER1	9606.ENSP00000160262	9606.ENSP00000293677	0	0.157	0	0	0.076	0	0	0.137	0.269
ICAM3	IRF8	9606.ENSP00000160262	9606.ENSP00000268638	0	0	0	0	0.107	0	0	0.242	0.295
ICAM3	SYK	9606.ENSP00000160262	9606.ENSP00000364907	0	0	0	0	0.069	0	0	0.291	0.311
ICAM3	NOD2	9606.ENSP00000160262	9606.ENSP00000300589	0	0	0	0	0.098	0	0	0.283	0.325
ICAM3	MMP9	9606.ENSP00000160262	9606.ENSP00000361405	0	0	0	0	0.069	0	0	0.307	0.327
ICAM3	ICAM4	9606.ENSP00000160262	9606.ENSP00000342114	0	0.064	0	0.596	0	0	0	0.764	0.349
ICAM3	IL4	9606.ENSP00000160262	9606.ENSP00000231449	0	0	0	0	0	0	0	0.417	0.417
ICAM3	ITGA4	9606.ENSP00000160262	9606.ENSP00000380227	0	0	0	0	0.088	0	0	0.401	0.430
ICAM3	IL10	9606.ENSP00000160262	9606.ENSP00000412237	0	0	0	0	0	0	0	0.459	0.459
ICAM3	ITGAX	9606.ENSP00000160262	9606.ENSP00000454623	0	0	0	0	0	0	0	0.468	0.468
ICAM3	PTPRC	9606.ENSP00000160262	9606.ENSP00000411355	0	0	0	0	0.123	0	0	0.504	0.546
ICAM4	ICAM5	9606.ENSP00000342114	9606.ENSP00000221980	0	0.191	0	0.630	0.104	0	0	0.764	0.455
ICAM4	ZGLP1	9606.ENSP00000342114	9606.ENSP00000384434	0	0	0	0	0	0	0	0.244	0.243
ICAM4	ITGA4	9606.ENSP00000342114	9606.ENSP00000380227	0	0	0	0	0	0.213	0	0.244	0.379
ICAM4	ITGAX	9606.ENSP00000342114	9606.ENSP00000454623	0	0	0	0	0	0	0	0.635	0.635
ICAM5	LRP1	9606.ENSP00000221980	9606.ENSP00000243077	0	0	0	0	0.082	0	0	0.114	0.152
ICAM5	IL4	9606.ENSP00000221980	9606.ENSP00000231449	0	0	0	0	0	0	0	0.158	0.158
ICAM5	ITGA4	9606.ENSP00000221980	9606.ENSP00000380227	0	0	0	0	0	0	0	0.160	0.160
ICAM5	IZUMO1	9606.ENSP00000221980	9606.ENSP00000327786	0	0	0	0	0	0	0	0.176	0.176
ICAM5	RAVER1	9606.ENSP00000221980	9606.ENSP00000293677	0	0.028	0	0	0.087	0	0	0.139	0.180
ICAM5	PLAU	9606.ENSP00000221980	9606.ENSP00000361850	0	0	0	0	0	0	0	0.193	0.193
ICAM5	ITGAX	9606.ENSP00000221980	9606.ENSP00000454623	0	0	0	0	0	0	0	0.195	0.195
ICAM5	PVR	9606.ENSP00000221980	9606.ENSP00000402060	0	0	0	0	0	0	0	0.215	0.215
ICAM5	IL10	9606.ENSP00000221980	9606.ENSP00000412237	0	0	0	0	0	0	0	0.230	0.230
ICAM5	MMP9	9606.ENSP00000221980	9606.ENSP00000361405	0	0	0	0	0	0	0	0.335	0.335
IFI30	IL4	9606.ENSP00000384886	9606.ENSP00000231449	0	0	0	0	0	0	0	0.167	0.167
IFI30	IRF1	9606.ENSP00000384886	9606.ENSP00000245414	0	0	0	0	0.119	0	0	0.324	0.380
IFI30	SP110	9606.ENSP00000384886	9606.ENSP00000258381	0	0	0	0	0.116	0	0	0.140	0.207
IFI30	SLC15A4	9606.ENSP00000384886	9606.ENSP00000266771	0	0	0	0	0	0	0	0.187	0.187
IFI30	IRF8	9606.ENSP00000384886	9606.ENSP00000268638	0	0	0	0	0.168	0	0	0.311	0.402
IFI30	IFNGR2	9606.ENSP00000384886	9606.ENSP00000290219	0	0	0	0	0.068	0	0	0.152	0.175
IFI30	NOD2	9606.ENSP00000384886	9606.ENSP00000300589	0	0	0	0	0.160	0	0	0.074	0.188
IFI30	IL7R	9606.ENSP00000384886	9606.ENSP00000306157	0	0	0	0	0.069	0	0	0.200	0.224
IFI30	IKZF1	9606.ENSP00000384886	9606.ENSP00000331614	0	0	0	0	0.117	0	0	0.103	0.175
IFI30	TNFRSF14	9606.ENSP00000384886	9606.ENSP00000347948	0	0	0	0	0.111	0	0	0.119	0.183
IFI30	IRF5	9606.ENSP00000384886	9606.ENSP00000349770	0	0	0	0	0.153	0	0	0.251	0.339
IFI30	MMP9	9606.ENSP00000384886	9606.ENSP00000361405	0	0	0	0	0.163	0	0	0.136	0.246
IFI30	SYK	9606.ENSP00000384886	9606.ENSP00000364907	0	0	0	0	0.168	0	0	0.092	0.212
IFI30	IL2RA	9606.ENSP00000384886	9606.ENSP00000369293	0	0	0	0	0.063	0	0	0.145	0.165
IFI30	IRF7	9606.ENSP00000384886	9606.ENSP00000380697	0	0	0	0	0.096	0	0	0.370	0.406
IFI30	IL10	9606.ENSP00000384886	9606.ENSP00000412237	0	0	0	0	0	0	0	0.163	0.163
IFI30	P4HA2	9606.ENSP00000384886	9606.ENSP00000384999	0	0	0	0	0	0	0	0.172	0.172
IFI30	PMEL	9606.ENSP00000384886	9606.ENSP00000402758	0	0	0	0	0.065	0	0	0.200	0.220
IFI30	PTPRC	9606.ENSP00000384886	9606.ENSP00000411355	0	0	0	0	0.143	0	0	0.150	0.240
IFI30	ITGAX	9606.ENSP00000384886	9606.ENSP00000454623	0	0	0	0	0.183	0	0	0.209	0.326
IFI30	MPV17L2	9606.ENSP00000384886	9606.ENSP00000469836	0	0.445	0	0	0.062	0	0	0.213	0.555
IFNGR2	IL2RB	9606.ENSP00000290219	9606.ENSP00000216223	0	0	0	0	0.049	0	0	0.251	0.257
IFNGR2	PIK3R2	9606.ENSP00000290219	9606.ENSP00000222254	0	0	0	0	0	0	0.600	0.043	0.600
IFNGR2	IL12B	9606.ENSP00000290219	9606.ENSP00000231228	0	0	0	0	0	0	0.600	0.538	0.807
IFNGR2	IL4	9606.ENSP00000290219	9606.ENSP00000231449	0	0	0	0	0	0	0.600	0.324	0.718
IFNGR2	IL1RL1	9606.ENSP00000290219	9606.ENSP00000233954	0	0	0	0	0	0	0	0.159	0.158
IFNGR2	IRF1	9606.ENSP00000290219	9606.ENSP00000245414	0	0	0	0	0	0	0	0.573	0.573
IFNGR2	TICAM1	9606.ENSP00000290219	9606.ENSP00000248244	0	0	0	0	0.071	0	0	0.134	0.161
IFNGR2	LIF	9606.ENSP00000290219	9606.ENSP00000249075	0	0	0	0	0	0	0.600	0.404	0.751
IFNGR2	SP110	9606.ENSP00000290219	9606.ENSP00000258381	0	0	0	0	0	0	0	0.431	0.431
IFNGR2	IL12RB2	9606.ENSP00000290219	9606.ENSP00000262345	0	0	0	0	0	0	0	0.491	0.491
IFNGR2	IL18RAP	9606.ENSP00000290219	9606.ENSP00000264260	0	0	0	0	0	0	0	0.210	0.210
IFNGR2	IL21	9606.ENSP00000290219	9606.ENSP00000264497	0	0	0	0	0	0	0.600	0.101	0.625
IFNGR2	STAT3	9606.ENSP00000290219	9606.ENSP00000264657	0	0	0	0	0	0.056	0	0.391	0.400
IFNGR2	IRF8	9606.ENSP00000290219	9606.ENSP00000268638	0	0	0	0	0.049	0	0	0.564	0.568
IFNGR2	SAMSN1	9606.ENSP00000290219	9606.ENSP00000285670	0	0	0	0	0	0	0	0.235	0.235
IFNGR2	TNFSF15	9606.ENSP00000290219	9606.ENSP00000363157	0	0	0	0	0	0	0	0.159	0.158
IFNGR2	IL16	9606.ENSP00000290219	9606.ENSP00000302935	0	0	0	0	0	0	0	0.168	0.168
IFNGR2	TNFRSF14	9606.ENSP00000290219	9606.ENSP00000347948	0	0	0	0	0.063	0	0	0.150	0.169
IFNGR2	TNIP1	9606.ENSP00000290219	9606.ENSP00000317891	0	0	0	0	0.068	0	0	0.150	0.173
IFNGR2	ITGAX	9606.ENSP00000290219	9606.ENSP00000454623	0	0	0	0	0.049	0	0	0.167	0.173
IFNGR2	IL22RA2	9606.ENSP00000290219	9606.ENSP00000296980	0	0	0	0	0	0	0	0.174	0.174
IFNGR2	NOD2	9606.ENSP00000290219	9606.ENSP00000300589	0	0	0	0	0.065	0	0	0.193	0.213
IFNGR2	IL7R	9606.ENSP00000290219	9606.ENSP00000306157	0	0	0	0	0.062	0	0	0.203	0.220
IFNGR2	TGFBR2	9606.ENSP00000290219	9606.ENSP00000351905	0	0	0	0	0.063	0.056	0	0.193	0.223
IFNGR2	IRF5	9606.ENSP00000290219	9606.ENSP00000349770	0	0	0	0	0	0	0	0.244	0.243
IFNGR2	PTPRC	9606.ENSP00000290219	9606.ENSP00000411355	0	0	0	0	0	0	0	0.264	0.264
IFNGR2	IL2RA	9606.ENSP00000290219	9606.ENSP00000369293	0	0	0	0	0	0	0	0.270	0.270
IFNGR2	TGFBR1	9606.ENSP00000290219	9606.ENSP00000364133	0	0	0	0	0	0.056	0	0.278	0.290
IFNGR2	IRGM	9606.ENSP00000290219	9606.ENSP00000428220	0	0	0	0	0	0	0	0.307	0.307
IFNGR2	STAT6	9606.ENSP00000290219	9606.ENSP00000300134	0	0	0	0	0.062	0.056	0	0.296	0.322
IFNGR2	IL23R	9606.ENSP00000290219	9606.ENSP00000321345	0	0	0	0	0	0	0	0.324	0.323
IFNGR2	IL18R1	9606.ENSP00000290219	9606.ENSP00000387211	0	0	0	0	0	0	0	0.339	0.339
IFNGR2	IRF7	9606.ENSP00000290219	9606.ENSP00000380697	0	0	0	0	0	0	0	0.382	0.382
IFNGR2	KCNK4	9606.ENSP00000290219	9606.ENSP00000444948	0	0	0	0	0	0	0	0.568	0.568
IFNGR2	TSLP	9606.ENSP00000290219	9606.ENSP00000339804	0	0	0	0	0	0	0.600	0.056	0.606
IFNGR2	IL12A	9606.ENSP00000290219	9606.ENSP00000303231	0	0	0	0	0	0	0.600	0.079	0.616
IFNGR2	IL20	9606.ENSP00000290219	9606.ENSP00000356065	0	0	0	0	0	0	0.600	0.167	0.652
IFNGR2	IL19	9606.ENSP00000290219	9606.ENSP00000343000	0	0	0	0	0	0	0.600	0.176	0.656
IFNGR2	IL13	9606.ENSP00000290219	9606.ENSP00000304915	0	0	0	0	0	0	0.600	0.285	0.701
IFNGR2	IL10	9606.ENSP00000290219	9606.ENSP00000412237	0	0	0	0	0	0	0.600	0.420	0.758
IFNGR2	JAK2	9606.ENSP00000290219	9606.ENSP00000371067	0	0	0	0	0.049	0.576	0.800	0.981	0.998
IKZF1	IL2RB	9606.ENSP00000331614	9606.ENSP00000216223	0	0	0	0	0.562	0	0	0.261	0.662
IKZF1	KAT2A	9606.ENSP00000331614	9606.ENSP00000225916	0	0	0	0	0	0.126	0	0.074	0.156
IKZF1	IL4	9606.ENSP00000331614	9606.ENSP00000231449	0	0	0	0	0	0	0	0.351	0.351
IKZF1	IRF1	9606.ENSP00000331614	9606.ENSP00000245414	0	0	0	0	0.088	0	0	0.257	0.293
IKZF1	SP110	9606.ENSP00000331614	9606.ENSP00000258381	0	0	0	0	0.093	0.062	0	0.109	0.176
IKZF1	IKZF4	9606.ENSP00000331614	9606.ENSP00000262032	0	0	0	0.933	0	0.819	0	0.609	0.826
IKZF1	IL12RB2	9606.ENSP00000331614	9606.ENSP00000262345	0	0	0	0	0.062	0	0	0.140	0.159
IKZF1	IL18RAP	9606.ENSP00000331614	9606.ENSP00000264260	0	0	0	0	0.175	0.056	0	0.082	0.222
IKZF1	STAT3	9606.ENSP00000331614	9606.ENSP00000264657	0	0	0	0	0	0.062	0	0.565	0.574
IKZF1	SLC15A4	9606.ENSP00000331614	9606.ENSP00000266771	0	0	0	0	0	0	0	0.345	0.345
IKZF1	IRF8	9606.ENSP00000331614	9606.ENSP00000268638	0	0	0	0	0.352	0.063	0	0.556	0.707
IKZF1	JAZF1	9606.ENSP00000331614	9606.ENSP00000283928	0	0	0	0	0	0.069	0	0.125	0.150
IKZF1	SAMSN1	9606.ENSP00000331614	9606.ENSP00000285670	0	0	0	0	0.350	0.056	0	0.087	0.391
IKZF1	SOX8	9606.ENSP00000331614	9606.ENSP00000293894	0	0	0	0	0	0.101	0	0.216	0.265
IKZF1	TRAT1	9606.ENSP00000331614	9606.ENSP00000295756	0	0	0	0	0.297	0	0	0.081	0.326
IKZF1	NAB2	9606.ENSP00000331614	9606.ENSP00000300131	0	0	0	0	0	0.138	0	0.168	0.252
IKZF1	STAT6	9606.ENSP00000331614	9606.ENSP00000300134	0	0	0	0	0.087	0.062	0	0.387	0.430
IKZF1	NOD2	9606.ENSP00000331614	9606.ENSP00000300589	0	0	0	0	0.193	0	0	0.108	0.249
IKZF1	IL16	9606.ENSP00000331614	9606.ENSP00000302935	0	0	0	0	0.398	0.056	0	0.096	0.441
IKZF1	IL13	9606.ENSP00000331614	9606.ENSP00000304915	0	0	0	0	0	0	0	0.195	0.195
IKZF1	PRKCB	9606.ENSP00000331614	9606.ENSP00000305355	0	0	0	0	0.300	0	0	0.181	0.402
IKZF1	IL7R	9606.ENSP00000331614	9606.ENSP00000306157	0	0	0	0	0.261	0	0	0.606	0.697
IKZF1	TNIP1	9606.ENSP00000331614	9606.ENSP00000317891	0	0	0	0	0.058	0	0	0.261	0.274
IKZF1	IL23R	9606.ENSP00000331614	9606.ENSP00000321345	0	0	0	0	0	0	0	0.161	0.161
IKZF1	SMARCE1	9606.ENSP00000331614	9606.ENSP00000323967	0	0	0	0	0	0.281	0	0.150	0.363
IKZF1	NRROS	9606.ENSP00000331614	9606.ENSP00000328625	0	0	0	0	0.377	0.060	0	0	0.390
IKZF1	THEMIS	9606.ENSP00000331614	9606.ENSP00000357231	0	0	0	0	0.157	0	0	0	0.157
IKZF1	TH	9606.ENSP00000331614	9606.ENSP00000370571	0	0	0	0	0	0	0	0.157	0.157
IKZF1	TRAF1	9606.ENSP00000331614	9606.ENSP00000362994	0	0	0	0	0.139	0.058	0	0.049	0.161
IKZF1	TOM1	9606.ENSP00000331614	9606.ENSP00000413697	0	0	0	0	0	0.056	0	0.149	0.163
IKZF1	PVR	9606.ENSP00000331614	9606.ENSP00000402060	0	0	0	0	0	0	0	0.165	0.165
IKZF1	IL18R1	9606.ENSP00000331614	9606.ENSP00000387211	0	0	0	0	0.076	0.056	0	0.143	0.187
IKZF1	KIF21B	9606.ENSP00000331614	9606.ENSP00000411831	0	0	0	0	0.111	0.067	0	0.108	0.195
IKZF1	NKX2-3	9606.ENSP00000331614	9606.ENSP00000342828	0	0	0	0	0	0.058	0	0.206	0.220
IKZF1	ORMDL3	9606.ENSP00000331614	9606.ENSP00000377724	0	0	0	0	0	0.056	0	0.216	0.228
IKZF1	ZFP36L1	9606.ENSP00000331614	9606.ENSP00000388402	0	0	0	0	0	0.077	0	0.201	0.231
IKZF1	TNFRSF14	9606.ENSP00000331614	9606.ENSP00000347948	0	0	0	0	0.196	0	0	0.086	0.235
IKZF1	UBE2L3	9606.ENSP00000331614	9606.ENSP00000400906	0	0	0	0	0	0.070	0	0.219	0.242
IKZF1	TSLP	9606.ENSP00000331614	9606.ENSP00000339804	0	0	0	0	0	0	0	0.270	0.270
IKZF1	IRF7	9606.ENSP00000331614	9606.ENSP00000380697	0	0	0	0	0.096	0	0	0.241	0.284
IKZF1	RGS1	9606.ENSP00000331614	9606.ENSP00000356429	0	0	0	0	0.281	0.057	0	0.045	0.296
IKZF1	SP140	9606.ENSP00000331614	9606.ENSP00000375899	0	0	0	0	0.195	0.062	0	0.161	0.311
IKZF1	ITGA4	9606.ENSP00000331614	9606.ENSP00000380227	0	0	0	0	0.231	0.056	0	0.143	0.323
IKZF1	ITGAX	9606.ENSP00000331614	9606.ENSP00000454623	0	0	0	0	0.155	0.056	0	0.243	0.344
IKZF1	IL10	9606.ENSP00000331614	9606.ENSP00000412237	0	0	0	0	0.062	0.056	0	0.359	0.382
IKZF1	IL2RA	9606.ENSP00000331614	9606.ENSP00000369293	0	0	0	0	0.076	0	0	0.369	0.392
IKZF1	IRF5	9606.ENSP00000331614	9606.ENSP00000349770	0	0	0	0	0.131	0.056	0	0.321	0.394
IKZF1	ZPBP2	9606.ENSP00000331614	9606.ENSP00000335384	0	0	0	0	0	0	0	0.436	0.436
IKZF1	RASAL3	9606.ENSP00000331614	9606.ENSP00000341905	0	0	0	0	0.437	0	0	0	0.437
IKZF1	SYK	9606.ENSP00000331614	9606.ENSP00000364907	0	0	0	0	0.223	0.067	0	0.298	0.446
IKZF1	TCF7	9606.ENSP00000331614	9606.ENSP00000340347	0	0	0	0	0.097	0.137	0	0.369	0.465
IKZF1	TAGAP	9606.ENSP00000331614	9606.ENSP00000356033	0	0	0	0	0.478	0	0	0.113	0.517
IKZF1	ITK	9606.ENSP00000331614	9606.ENSP00000398655	0	0	0	0	0.441	0.067	0	0.233	0.565
IKZF1	JAK2	9606.ENSP00000331614	9606.ENSP00000371067	0	0	0	0	0.082	0.067	0	0.561	0.591
IKZF1	PTPN22	9606.ENSP00000331614	9606.ENSP00000352833	0	0	0	0	0.564	0.057	0	0.210	0.647
IKZF1	IKZF3	9606.ENSP00000331614	9606.ENSP00000344544	0	0	0	0.941	0.307	0.798	0	0.955	0.862
IKZF1	PTPRC	9606.ENSP00000331614	9606.ENSP00000411355	0	0	0	0	0.821	0.057	0	0.464	0.901
IKZF3	IL2RB	9606.ENSP00000344544	9606.ENSP00000216223	0	0	0	0	0.307	0	0.900	0.244	0.943
IKZF3	RASIP1	9606.ENSP00000344544	9606.ENSP00000222145	0	0	0	0	0.057	0.058	0	0.124	0.154
IKZF3	IL4	9606.ENSP00000344544	9606.ENSP00000231449	0	0	0	0	0	0	0	0.261	0.261
IKZF3	IL1RL1	9606.ENSP00000344544	9606.ENSP00000233954	0	0	0	0	0	0	0	0.300	0.300
IKZF3	SLC22A5	9606.ENSP00000344544	9606.ENSP00000245407	0	0	0	0	0	0.056	0	0.166	0.179
IKZF3	IRF1	9606.ENSP00000344544	9606.ENSP00000245414	0	0	0	0	0.140	0	0	0.167	0.252
IKZF3	IKZF4	9606.ENSP00000344544	9606.ENSP00000262032	0	0	0	0.908	0	0.878	0	0.720	0.885
IKZF3	IL12RB2	9606.ENSP00000344544	9606.ENSP00000262345	0	0	0	0	0	0	0	0.392	0.392
IKZF3	IL18RAP	9606.ENSP00000344544	9606.ENSP00000264260	0	0	0	0	0.107	0.056	0	0.168	0.238
IKZF3	STAT3	9606.ENSP00000344544	9606.ENSP00000264657	0	0	0	0	0	0.062	0	0.325	0.340
IKZF3	IRF8	9606.ENSP00000344544	9606.ENSP00000268638	0	0	0	0	0.105	0.063	0	0.468	0.514
IKZF3	JAZF1	9606.ENSP00000344544	9606.ENSP00000283928	0	0	0	0	0	0.069	0	0.125	0.150
IKZF3	TRAT1	9606.ENSP00000344544	9606.ENSP00000295756	0	0	0	0	0.170	0	0	0	0.170
IKZF3	SLU7	9606.ENSP00000344544	9606.ENSP00000297151	0	0	0	0	0	0.078	0	0.134	0.167
IKZF3	STAT6	9606.ENSP00000344544	9606.ENSP00000300134	0	0	0	0	0.062	0.062	0	0.210	0.244
IKZF3	NOD2	9606.ENSP00000344544	9606.ENSP00000300589	0	0	0	0	0.067	0	0	0.137	0.160
IKZF3	IL13	9606.ENSP00000344544	9606.ENSP00000304915	0	0	0	0	0	0	0	0.203	0.203
IKZF3	PRKCB	9606.ENSP00000344544	9606.ENSP00000305355	0	0	0	0	0.062	0	0	0.164	0.182
IKZF3	IL7R	9606.ENSP00000344544	9606.ENSP00000306157	0	0	0	0	0.190	0	0	0.392	0.486
IKZF3	IL23R	9606.ENSP00000344544	9606.ENSP00000321345	0	0	0	0	0.070	0	0	0.270	0.292
IKZF3	ZPBP2	9606.ENSP00000344544	9606.ENSP00000335384	0	0	0	0	0.062	0	0	0.737	0.742
IKZF3	TSLP	9606.ENSP00000344544	9606.ENSP00000339804	0	0	0	0	0	0	0	0.202	0.202
IKZF3	TCF7	9606.ENSP00000344544	9606.ENSP00000340347	0	0	0	0	0.088	0.137	0	0.260	0.366
IKZF3	PVR	9606.ENSP00000344544	9606.ENSP00000402060	0	0	0	0	0	0	0	0.166	0.165
IKZF3	IRF7	9606.ENSP00000344544	9606.ENSP00000380697	0	0	0	0	0.062	0	0	0.147	0.166
IKZF3	WDR36	9606.ENSP00000344544	9606.ENSP00000423067	0	0	0	0	0	0	0	0.177	0.177
IKZF3	TAGAP	9606.ENSP00000344544	9606.ENSP00000356033	0	0	0	0	0.137	0	0	0.097	0.187
IKZF3	RGS1	9606.ENSP00000344544	9606.ENSP00000356429	0	0	0	0	0.089	0.057	0	0.134	0.191
IKZF3	JAK2	9606.ENSP00000344544	9606.ENSP00000371067	0	0	0	0	0.055	0.067	0	0.171	0.205
IKZF3	ITGAX	9606.ENSP00000344544	9606.ENSP00000454623	0	0	0	0	0.111	0.056	0	0.134	0.209
IKZF3	UBE2L3	9606.ENSP00000344544	9606.ENSP00000400906	0	0	0	0	0	0.070	0	0.218	0.241
IKZF3	TNFSF15	9606.ENSP00000344544	9606.ENSP00000363157	0	0	0	0	0	0.056	0	0.244	0.255
IKZF3	IL18R1	9606.ENSP00000344544	9606.ENSP00000387211	0	0	0	0	0.062	0.056	0	0.263	0.290
IKZF3	IL10	9606.ENSP00000344544	9606.ENSP00000412237	0	0	0	0	0.071	0.056	0	0.282	0.315
IKZF3	SYK	9606.ENSP00000344544	9606.ENSP00000364907	0	0	0	0	0.144	0.067	0	0.218	0.321
IKZF3	SP140	9606.ENSP00000344544	9606.ENSP00000375899	0	0	0	0	0.112	0.062	0	0.260	0.329
IKZF3	PTPN22	9606.ENSP00000344544	9606.ENSP00000352833	0	0	0	0	0.255	0.057	0	0.181	0.374
IKZF3	IRF5	9606.ENSP00000344544	9606.ENSP00000349770	0	0	0	0	0.071	0.056	0	0.390	0.418
IKZF3	ITK	9606.ENSP00000344544	9606.ENSP00000398655	0	0	0	0	0.375	0.067	0	0.105	0.432
IKZF3	PTPRC	9606.ENSP00000344544	9606.ENSP00000411355	0	0	0	0	0.211	0.057	0	0.302	0.435
IKZF3	ORMDL3	9606.ENSP00000344544	9606.ENSP00000377724	0	0	0	0	0.182	0.056	0	0.681	0.732
IKZF3	IL2RA	9606.ENSP00000344544	9606.ENSP00000369293	0	0	0	0	0.108	0	0.900	0.323	0.934
IKZF4	IL2RB	9606.ENSP00000262032	9606.ENSP00000216223	0	0	0	0	0	0	0	0.348	0.347
IKZF4	IL4	9606.ENSP00000262032	9606.ENSP00000231449	0	0	0	0	0	0	0	0.167	0.167
IKZF4	IL1RL1	9606.ENSP00000262032	9606.ENSP00000233954	0	0	0	0	0	0	0	0.323	0.323
IKZF4	IL23R	9606.ENSP00000262032	9606.ENSP00000321345	0	0	0	0	0	0	0	0.159	0.159
IKZF4	TNIP1	9606.ENSP00000262032	9606.ENSP00000317891	0	0	0	0	0	0	0	0.164	0.163
IKZF4	JAZF1	9606.ENSP00000262032	9606.ENSP00000283928	0	0	0	0	0	0.069	0	0.147	0.172
IKZF4	TGFBR2	9606.ENSP00000262032	9606.ENSP00000351905	0	0	0	0	0.055	0.067	0	0.142	0.177
IKZF4	RGS1	9606.ENSP00000262032	9606.ENSP00000356429	0	0	0	0	0	0.057	0	0.167	0.181
IKZF4	IL7R	9606.ENSP00000262032	9606.ENSP00000306157	0	0	0	0	0	0	0	0.181	0.181
IKZF4	PLCL1	9606.ENSP00000262032	9606.ENSP00000402861	0	0	0	0	0	0	0	0.181	0.181
IKZF4	IL13	9606.ENSP00000262032	9606.ENSP00000304915	0	0	0	0	0	0	0	0.193	0.193
IKZF4	IL12RB2	9606.ENSP00000262032	9606.ENSP00000262345	0	0	0	0	0	0	0	0.213	0.213
IKZF4	PMEL	9606.ENSP00000262032	9606.ENSP00000402758	0	0	0	0	0	0	0	0.214	0.214
IKZF4	STAT3	9606.ENSP00000262032	9606.ENSP00000264657	0	0	0	0	0	0.062	0	0.210	0.227
IKZF4	IL10	9606.ENSP00000262032	9606.ENSP00000412237	0	0	0	0	0	0.056	0	0.218	0.230
IKZF4	TSLP	9606.ENSP00000262032	9606.ENSP00000339804	0	0	0	0	0	0	0	0.236	0.236
IKZF4	TGFBR1	9606.ENSP00000262032	9606.ENSP00000364133	0	0	0	0	0.055	0.067	0	0.207	0.239
IKZF4	IL18R1	9606.ENSP00000262032	9606.ENSP00000387211	0	0	0	0	0	0.056	0	0.258	0.269
IKZF4	TCF7	9606.ENSP00000262032	9606.ENSP00000340347	0	0	0	0	0.073	0.137	0	0.170	0.278
IKZF4	PTPN22	9606.ENSP00000262032	9606.ENSP00000352833	0	0	0	0	0	0.057	0	0.284	0.295
IKZF4	RAB5B	9606.ENSP00000262032	9606.ENSP00000353444	0	0	0	0	0.062	0	0	0.305	0.320
IKZF4	PRDX5	9606.ENSP00000262032	9606.ENSP00000265462	0	0	0	0	0	0	0	0.336	0.336
IKZF4	WDR36	9606.ENSP00000262032	9606.ENSP00000423067	0	0	0	0	0	0	0	0.344	0.343
IKZF4	ORMDL3	9606.ENSP00000262032	9606.ENSP00000377724	0	0	0	0	0	0.056	0	0.342	0.352
IKZF4	SUOX	9606.ENSP00000262032	9606.ENSP00000377668	0	0	0	0	0	0	0	0.457	0.457
IKZF4	IL2RA	9606.ENSP00000262032	9606.ENSP00000369293	0	0	0	0	0	0	0	0.505	0.505
IKZF4	RPS26	9606.ENSP00000262032	9606.ENSP00000348849	0	0	0	0	0	0.057	0	0.497	0.505
IL10	KEAP1	9606.ENSP00000412237	9606.ENSP00000171111	0	0	0	0	0	0	0	0.350	0.350
IL10	SCT	9606.ENSP00000412237	9606.ENSP00000176195	0	0	0	0	0	0	0	0.159	0.159
IL10	IL2RB	9606.ENSP00000412237	9606.ENSP00000216223	0	0	0	0	0.062	0	0.600	0.565	0.822
IL10	RPS6KB1	9606.ENSP00000412237	9606.ENSP00000225577	0	0	0	0	0	0	0	0.370	0.370
IL10	IL12B	9606.ENSP00000412237	9606.ENSP00000231228	0	0	0	0	0.063	0	0.900	0.646	0.963
IL10	IL4	9606.ENSP00000412237	9606.ENSP00000231449	0	0	0	0	0	0	0	0.937	0.937
IL10	IL1RL1	9606.ENSP00000412237	9606.ENSP00000233954	0	0	0	0	0.062	0	0	0.478	0.490
IL10	LRP1	9606.ENSP00000412237	9606.ENSP00000243077	0	0	0	0	0	0	0	0.370	0.370
IL10	IRF1	9606.ENSP00000412237	9606.ENSP00000245414	0	0	0	0	0.070	0	0	0.635	0.646
IL10	TICAM1	9606.ENSP00000412237	9606.ENSP00000248244	0	0	0	0	0	0	0	0.392	0.392
IL10	LIF	9606.ENSP00000412237	9606.ENSP00000249075	0	0	0	0	0.062	0	0.900	0.556	0.954
IL10	IL12RB2	9606.ENSP00000412237	9606.ENSP00000262345	0	0	0	0	0	0	0.600	0.469	0.778
IL10	NOX4	9606.ENSP00000412237	9606.ENSP00000263317	0	0	0	0	0	0	0	0.335	0.335
IL10	IL18RAP	9606.ENSP00000412237	9606.ENSP00000264260	0	0	0	0	0	0	0	0.391	0.390
IL10	IL21	9606.ENSP00000412237	9606.ENSP00000264497	0	0	0	0	0.063	0	0	0.798	0.803
IL10	STAT3	9606.ENSP00000412237	9606.ENSP00000264657	0	0	0	0	0	0.345	0.600	0.946	0.984
IL10	SLC9A3	9606.ENSP00000412237	9606.ENSP00000264938	0	0	0	0	0	0	0	0.165	0.165
IL10	IRF8	9606.ENSP00000412237	9606.ENSP00000268638	0	0	0	0	0.065	0	0	0.533	0.545
IL10	OSMR	9606.ENSP00000412237	9606.ENSP00000274276	0	0	0	0	0	0	0.600	0.166	0.652
IL10	RETNLB	9606.ENSP00000412237	9606.ENSP00000295755	0	0	0	0	0	0	0	0.654	0.654
IL10	TRAT1	9606.ENSP00000412237	9606.ENSP00000295756	0	0	0	0	0	0	0	0.184	0.183
IL10	PPBP	9606.ENSP00000412237	9606.ENSP00000296028	0	0	0	0	0.064	0	0	0.656	0.664
IL10	PF4	9606.ENSP00000412237	9606.ENSP00000296029	0	0	0	0	0.062	0	0	0.496	0.507
IL10	IL22RA2	9606.ENSP00000412237	9606.ENSP00000296980	0	0	0	0	0	0	0.600	0.392	0.746
IL10	STAT6	9606.ENSP00000412237	9606.ENSP00000300134	0	0	0	0	0	0.068	0	0.752	0.759
IL10	NOD2	9606.ENSP00000412237	9606.ENSP00000300589	0	0	0	0	0.062	0	0	0.720	0.727
IL10	IL16	9606.ENSP00000412237	9606.ENSP00000302935	0	0	0	0	0	0	0	0.673	0.673
IL10	IL12A	9606.ENSP00000412237	9606.ENSP00000303231	0	0	0	0	0	0	0.900	0.567	0.954
IL10	IL13	9606.ENSP00000412237	9606.ENSP00000304915	0	0	0	0	0.062	0	0	0.916	0.917
IL10	PRKCB	9606.ENSP00000412237	9606.ENSP00000305355	0	0	0	0	0	0	0	0.234	0.234
IL10	IL7R	9606.ENSP00000412237	9606.ENSP00000306157	0	0	0	0	0.063	0	0.600	0.681	0.870
IL10	TNIP1	9606.ENSP00000412237	9606.ENSP00000317891	0	0	0	0	0.062	0	0	0.267	0.283
IL10	MALT1	9606.ENSP00000412237	9606.ENSP00000319279	0	0	0	0	0	0	0	0.294	0.294
IL10	IL23R	9606.ENSP00000412237	9606.ENSP00000321345	0	0	0	0	0	0	0.600	0.657	0.857
IL10	ITLN1	9606.ENSP00000412237	9606.ENSP00000323587	0	0	0	0	0	0	0	0.295	0.295
IL10	TSLP	9606.ENSP00000412237	9606.ENSP00000339804	0	0	0	0	0	0	0	0.690	0.691
IL10	TCF7	9606.ENSP00000412237	9606.ENSP00000340347	0	0	0	0	0	0	0	0.240	0.240
IL10	NKX2-3	9606.ENSP00000412237	9606.ENSP00000342828	0	0	0	0	0	0	0	0.180	0.179
IL10	IL19	9606.ENSP00000412237	9606.ENSP00000343000	0	0	0	0	0.144	0	0	0.683	0.717
IL10	SLC26A3	9606.ENSP00000412237	9606.ENSP00000345873	0	0	0	0	0	0	0	0.205	0.205
IL10	TNFRSF14	9606.ENSP00000412237	9606.ENSP00000347948	0	0	0	0	0.060	0	0	0.423	0.434
IL10	IRF5	9606.ENSP00000412237	9606.ENSP00000349770	0	0	0	0	0.061	0	0	0.578	0.586
IL10	TGFBR2	9606.ENSP00000412237	9606.ENSP00000351905	0	0	0	0	0	0.060	0	0.450	0.460
IL10	PTPN22	9606.ENSP00000412237	9606.ENSP00000352833	0	0	0	0	0	0	0	0.469	0.469
IL10	TAGAP	9606.ENSP00000412237	9606.ENSP00000356033	0	0	0	0	0	0	0	0.181	0.181
IL10	IL20	9606.ENSP00000412237	9606.ENSP00000356065	0	0	0	0.684	0.155	0	0	0.400	0.255
IL10	RGS1	9606.ENSP00000412237	9606.ENSP00000356429	0	0	0	0	0.090	0	0	0.167	0.209
IL10	MMP9	9606.ENSP00000412237	9606.ENSP00000361405	0	0	0	0	0	0	0.900	0.758	0.974
IL10	PLAU	9606.ENSP00000412237	9606.ENSP00000361850	0	0	0	0	0	0	0	0.323	0.323
IL10	TRAF1	9606.ENSP00000412237	9606.ENSP00000362994	0	0	0	0	0.062	0	0	0.365	0.378
IL10	TNFSF15	9606.ENSP00000412237	9606.ENSP00000363157	0	0	0	0	0.076	0	0	0.496	0.515
IL10	TGFBR1	9606.ENSP00000412237	9606.ENSP00000364133	0	0	0	0	0	0.060	0	0.338	0.351
IL10	PADI4	9606.ENSP00000412237	9606.ENSP00000364597	0	0	0	0	0	0	0	0.263	0.263
IL10	SYK	9606.ENSP00000412237	9606.ENSP00000364907	0	0	0	0	0.062	0.060	0	0.573	0.590
IL10	IL2RA	9606.ENSP00000412237	9606.ENSP00000369293	0	0	0	0	0.088	0	0.600	0.768	0.908
IL10	TH	9606.ENSP00000412237	9606.ENSP00000370571	0	0	0	0	0.062	0	0	0.341	0.355
IL10	JAK2	9606.ENSP00000412237	9606.ENSP00000371067	0	0	0	0	0	0.060	0	0.700	0.706
IL10	ORMDL3	9606.ENSP00000412237	9606.ENSP00000377724	0	0	0	0	0	0	0	0.283	0.282
IL10	ITGA4	9606.ENSP00000412237	9606.ENSP00000380227	0	0	0	0	0	0	0	0.504	0.504
IL10	IRF7	9606.ENSP00000412237	9606.ENSP00000380697	0	0	0	0	0	0	0	0.569	0.569
IL10	KSR1	9606.ENSP00000412237	9606.ENSP00000381958	0	0	0	0	0	0.060	0	0.134	0.152
IL10	IL18R1	9606.ENSP00000412237	9606.ENSP00000387211	0	0	0	0	0	0	0	0.458	0.457
IL10	ZFP36L1	9606.ENSP00000412237	9606.ENSP00000388402	0	0	0	0	0	0	0	0.156	0.156
IL10	LACC1	9606.ENSP00000412237	9606.ENSP00000391747	0	0	0	0	0	0	0	0.204	0.204
IL10	ITK	9606.ENSP00000412237	9606.ENSP00000398655	0	0	0	0	0.065	0.060	0	0.341	0.370
IL10	PVR	9606.ENSP00000412237	9606.ENSP00000402060	0	0	0	0	0	0	0	0.391	0.390
IL10	PMEL	9606.ENSP00000412237	9606.ENSP00000402758	0	0	0	0	0	0	0	0.459	0.459
IL10	PTPRC	9606.ENSP00000412237	9606.ENSP00000411355	0	0	0	0	0.069	0	0	0.794	0.800
IL10	PARK7	9606.ENSP00000412237	9606.ENSP00000418770	0	0	0	0	0	0	0	0.157	0.156
IL10	TOM1	9606.ENSP00000412237	9606.ENSP00000413697	0	0	0	0	0	0	0	0.161	0.161
IL10	TNFRSF11A	9606.ENSP00000412237	9606.ENSP00000465500	0	0	0	0	0	0	0	0.255	0.254
IL10	TNFSF14	9606.ENSP00000412237	9606.ENSP00000469049	0	0	0	0	0.091	0	0	0.334	0.369
IL10	IRGM	9606.ENSP00000412237	9606.ENSP00000428220	0	0	0	0	0	0	0	0.401	0.400
IL10	MUC1	9606.ENSP00000412237	9606.ENSP00000484824	0	0	0	0	0	0	0	0.466	0.465
IL10	ITGAX	9606.ENSP00000412237	9606.ENSP00000454623	0	0	0	0	0.096	0	0	0.843	0.852
IL12A	IL2RB	9606.ENSP00000303231	9606.ENSP00000216223	0	0	0	0	0	0	0.600	0.091	0.620
IL12A	IL12B	9606.ENSP00000303231	9606.ENSP00000231228	0	0	0	0	0	0.951	0.900	0.669	0.998
IL12A	IL4	9606.ENSP00000303231	9606.ENSP00000231449	0	0	0	0	0.063	0	0.900	0.489	0.947
IL12A	IRF1	9606.ENSP00000303231	9606.ENSP00000245414	0	0	0	0	0	0	0	0.287	0.287
IL12A	LIF	9606.ENSP00000303231	9606.ENSP00000249075	0	0	0	0	0.062	0	0.900	0	0.902
IL12A	IL12RB2	9606.ENSP00000303231	9606.ENSP00000262345	0	0	0	0	0	0.305	0.900	0.289	0.946
IL12A	STAT3	9606.ENSP00000303231	9606.ENSP00000264657	0	0	0	0	0	0	0.900	0.244	0.921
IL12A	IRF8	9606.ENSP00000303231	9606.ENSP00000268638	0	0	0	0	0	0	0	0.248	0.248
IL12A	OSMR	9606.ENSP00000303231	9606.ENSP00000274276	0	0	0	0	0	0	0.600	0	0.600
IL12A	IL22RA2	9606.ENSP00000303231	9606.ENSP00000296980	0	0	0	0	0	0	0.600	0	0.600
IL12A	STAT6	9606.ENSP00000303231	9606.ENSP00000300134	0	0	0	0	0	0	0.900	0.159	0.912
IL12A	IL16	9606.ENSP00000303231	9606.ENSP00000302935	0	0	0	0	0	0	0	0.207	0.207
IL12A	IRF7	9606.ENSP00000303231	9606.ENSP00000380697	0	0	0	0	0	0	0	0.157	0.156
IL12A	TNIP1	9606.ENSP00000303231	9606.ENSP00000317891	0	0	0	0	0	0	0	0.204	0.204
IL12A	SCHIP1	9606.ENSP00000303231	9606.ENSP00000404860	0	0	0	0	0	0	0	0.212	0.212
IL12A	PTPRC	9606.ENSP00000303231	9606.ENSP00000411355	0	0	0	0	0.062	0	0	0.199	0.217
IL12A	IRF5	9606.ENSP00000303231	9606.ENSP00000349770	0	0	0	0	0	0	0	0.278	0.278
IL12A	ITGAX	9606.ENSP00000303231	9606.ENSP00000454623	0	0	0	0	0	0	0	0.394	0.394
IL12A	IL7R	9606.ENSP00000303231	9606.ENSP00000306157	0	0	0	0	0	0	0.600	0.077	0.615
IL12A	IL2RA	9606.ENSP00000303231	9606.ENSP00000369293	0	0	0	0	0	0	0.600	0.189	0.661
IL12A	IL23R	9606.ENSP00000303231	9606.ENSP00000321345	0	0	0	0	0	0	0.600	0.396	0.748
IL12A	JAK2	9606.ENSP00000303231	9606.ENSP00000371067	0	0	0	0	0	0	0.900	0.253	0.922
IL12A	IL13	9606.ENSP00000303231	9606.ENSP00000304915	0	0	0	0	0	0	0.900	0.337	0.930
IL12B	IL2RB	9606.ENSP00000231228	9606.ENSP00000216223	0	0	0	0	0	0	0.600	0	0.600
IL12B	LACC1	9606.ENSP00000231228	9606.ENSP00000391747	0	0	0	0	0	0	0	0.171	0.171
IL12B	IL16	9606.ENSP00000231228	9606.ENSP00000302935	0	0	0	0	0	0	0	0.172	0.172
IL12B	NOD2	9606.ENSP00000231228	9606.ENSP00000300589	0	0	0	0	0	0	0	0.193	0.193
IL12B	PPBP	9606.ENSP00000231228	9606.ENSP00000296028	0	0	0	0	0.062	0	0	0.200	0.217
IL12B	TNFSF15	9606.ENSP00000231228	9606.ENSP00000363157	0	0	0	0	0	0	0	0.231	0.231
IL12B	NKX2-3	9606.ENSP00000231228	9606.ENSP00000342828	0	0	0	0	0	0	0	0.242	0.241
IL12B	IRGM	9606.ENSP00000231228	9606.ENSP00000428220	0	0	0	0	0	0	0	0.329	0.329
IL12B	SP110	9606.ENSP00000231228	9606.ENSP00000258381	0	0	0	0	0	0	0	0.456	0.456
IL12B	IL7R	9606.ENSP00000231228	9606.ENSP00000306157	0	0	0	0	0	0	0.600	0	0.600
IL12B	OSMR	9606.ENSP00000231228	9606.ENSP00000274276	0	0	0	0	0	0	0.600	0	0.600
IL12B	IL22RA2	9606.ENSP00000231228	9606.ENSP00000296980	0	0	0	0	0	0	0.600	0.059	0.607
IL12B	IL2RA	9606.ENSP00000231228	9606.ENSP00000369293	0	0	0	0	0	0	0.600	0.080	0.616
IL12B	LIF	9606.ENSP00000231228	9606.ENSP00000249075	0	0	0	0	0	0	0.900	0	0.900
IL12B	STAT6	9606.ENSP00000231228	9606.ENSP00000300134	0	0	0	0	0	0	0.900	0.060	0.901
IL12B	STAT3	9606.ENSP00000231228	9606.ENSP00000264657	0	0	0	0	0	0	0.900	0.092	0.905
IL12B	JAK2	9606.ENSP00000231228	9606.ENSP00000371067	0	0	0	0	0	0	0.900	0.140	0.910
IL12B	IL13	9606.ENSP00000231228	9606.ENSP00000304915	0	0	0	0	0	0	0.900	0.388	0.936
IL12B	IL4	9606.ENSP00000231228	9606.ENSP00000231449	0	0	0	0	0	0	0.900	0.405	0.937
IL12B	IL12RB2	9606.ENSP00000231228	9606.ENSP00000262345	0	0	0	0	0	0.213	0.900	0.498	0.957
IL12B	IL23R	9606.ENSP00000231228	9606.ENSP00000321345	0	0	0	0	0	0.847	0.900	0.369	0.989
IL12RB2	NFE2L3	9606.ENSP00000262345	9606.ENSP00000056233	0	0	0	0	0	0	0	0.156	0.155
IL12RB2	IL2RB	9606.ENSP00000262345	9606.ENSP00000216223	0	0	0	0	0.083	0	0	0.426	0.451
IL12RB2	IL4	9606.ENSP00000262345	9606.ENSP00000231449	0	0	0	0	0.065	0	0.900	0.424	0.941
IL12RB2	IL1RL1	9606.ENSP00000262345	9606.ENSP00000233954	0	0	0	0	0	0	0	0.277	0.277
IL12RB2	IRF1	9606.ENSP00000262345	9606.ENSP00000245414	0	0	0	0	0	0	0	0.323	0.323
IL12RB2	LIF	9606.ENSP00000262345	9606.ENSP00000249075	0	0	0	0	0	0	0.600	0	0.600
IL12RB2	RPS6KA4	9606.ENSP00000262345	9606.ENSP00000333896	0	0	0	0	0	0	0	0.155	0.154
IL12RB2	TGFBR1	9606.ENSP00000262345	9606.ENSP00000364133	0	0	0	0	0	0.057	0	0.142	0.156
IL12RB2	TNFRSF14	9606.ENSP00000262345	9606.ENSP00000347948	0	0	0	0	0	0	0	0.157	0.157
IL12RB2	ITGA4	9606.ENSP00000262345	9606.ENSP00000380227	0	0	0	0	0.062	0	0	0.140	0.159
IL12RB2	TGFBR2	9606.ENSP00000262345	9606.ENSP00000351905	0	0	0	0	0	0.057	0	0.151	0.165
IL12RB2	ITK	9606.ENSP00000262345	9606.ENSP00000398655	0	0	0	0	0	0.057	0	0.160	0.174
IL12RB2	P4HA2	9606.ENSP00000262345	9606.ENSP00000384999	0	0	0	0	0	0	0	0.202	0.202
IL12RB2	ZPBP2	9606.ENSP00000262345	9606.ENSP00000335384	0	0	0	0	0	0	0	0.203	0.203
IL12RB2	PTPN22	9606.ENSP00000262345	9606.ENSP00000352833	0	0	0	0	0	0	0	0.204	0.204
IL12RB2	ITGAX	9606.ENSP00000262345	9606.ENSP00000454623	0	0	0	0	0.062	0	0	0.208	0.225
IL12RB2	TRAT1	9606.ENSP00000262345	9606.ENSP00000295756	0	0	0	0	0	0	0	0.227	0.227
IL12RB2	IRF7	9606.ENSP00000262345	9606.ENSP00000380697	0	0	0	0	0	0	0	0.227	0.227
IL12RB2	TCF7	9606.ENSP00000262345	9606.ENSP00000340347	0	0	0	0	0	0	0	0.228	0.228
IL12RB2	ORMDL3	9606.ENSP00000262345	9606.ENSP00000377724	0	0	0	0	0	0	0	0.233	0.232
IL12RB2	NOD2	9606.ENSP00000262345	9606.ENSP00000300589	0	0	0	0	0	0	0	0.244	0.243
IL12RB2	SCHIP1	9606.ENSP00000262345	9606.ENSP00000404860	0	0	0	0	0	0	0	0.245	0.244
IL12RB2	IL22RA2	9606.ENSP00000262345	9606.ENSP00000296980	0	0	0	0	0	0	0	0.248	0.248
IL12RB2	PTPRC	9606.ENSP00000262345	9606.ENSP00000411355	0	0	0	0	0.072	0	0	0.228	0.253
IL12RB2	LACC1	9606.ENSP00000262345	9606.ENSP00000391747	0	0	0	0	0	0	0	0.286	0.286
IL12RB2	TNFSF15	9606.ENSP00000262345	9606.ENSP00000363157	0	0	0	0	0	0	0	0.325	0.325
IL12RB2	TNIP1	9606.ENSP00000262345	9606.ENSP00000317891	0	0	0	0	0	0	0	0.327	0.327
IL12RB2	IL23R	9606.ENSP00000262345	9606.ENSP00000321345	0	0	0	0.559	0.062	0	0	0.712	0.351
IL12RB2	IL16	9606.ENSP00000262345	9606.ENSP00000302935	0	0	0	0	0.062	0	0	0.372	0.385
IL12RB2	IRF8	9606.ENSP00000262345	9606.ENSP00000268638	0	0	0	0	0.062	0	0	0.396	0.409
IL12RB2	IL7R	9606.ENSP00000262345	9606.ENSP00000306157	0	0	0	0	0.062	0	0	0.414	0.426
IL12RB2	IRF5	9606.ENSP00000262345	9606.ENSP00000349770	0	0	0	0	0	0	0	0.473	0.473
IL12RB2	IL18RAP	9606.ENSP00000262345	9606.ENSP00000264260	0	0	0	0	0.065	0	0	0.466	0.479
IL12RB2	IL2RA	9606.ENSP00000262345	9606.ENSP00000369293	0	0	0	0	0.065	0	0	0.518	0.530
IL12RB2	IL20	9606.ENSP00000262345	9606.ENSP00000356065	0	0	0	0	0	0	0.600	0	0.600
IL12RB2	IL19	9606.ENSP00000262345	9606.ENSP00000343000	0	0	0	0	0	0	0.600	0.076	0.614
IL12RB2	IL18R1	9606.ENSP00000262345	9606.ENSP00000387211	0	0	0	0	0	0	0	0.620	0.620
IL12RB2	TSLP	9606.ENSP00000262345	9606.ENSP00000339804	0	0	0	0	0	0	0.600	0.151	0.645
IL12RB2	IL21	9606.ENSP00000262345	9606.ENSP00000264497	0	0	0	0	0	0	0.600	0.207	0.669
IL12RB2	IL13	9606.ENSP00000262345	9606.ENSP00000304915	0	0	0	0	0	0	0.600	0.380	0.741
IL12RB2	STAT6	9606.ENSP00000262345	9606.ENSP00000300134	0	0	0	0	0.062	0	0.900	0.312	0.929
IL12RB2	STAT3	9606.ENSP00000262345	9606.ENSP00000264657	0	0	0	0	0	0	0.900	0.414	0.938
IL12RB2	JAK2	9606.ENSP00000262345	9606.ENSP00000371067	0	0	0	0	0	0.345	0.900	0.283	0.948
IL13	KEAP1	9606.ENSP00000304915	9606.ENSP00000171111	0	0	0	0	0	0	0	0.154	0.153
IL13	SLC22A4	9606.ENSP00000304915	9606.ENSP00000200652	0	0	0	0	0	0	0	0.232	0.232
IL13	IL2RB	9606.ENSP00000304915	9606.ENSP00000216223	0	0	0	0	0.060	0	0.600	0.428	0.766
IL13	RPS6KB1	9606.ENSP00000304915	9606.ENSP00000225577	0	0	0	0	0	0	0	0.171	0.171
IL13	IL4	9606.ENSP00000304915	9606.ENSP00000231449	0	0	0	0	0.070	0	0	0.928	0.930
IL13	IL1RL1	9606.ENSP00000304915	9606.ENSP00000233954	0	0	0	0	0	0	0	0.693	0.693
IL13	LRP1	9606.ENSP00000304915	9606.ENSP00000243077	0	0	0	0	0	0	0	0.171	0.171
IL13	SLC22A5	9606.ENSP00000304915	9606.ENSP00000245407	0	0	0	0	0	0	0	0.458	0.458
IL13	IRF1	9606.ENSP00000304915	9606.ENSP00000245414	0	0	0	0	0	0	0	0.421	0.420
IL13	TICAM1	9606.ENSP00000304915	9606.ENSP00000248244	0	0	0	0	0	0	0	0.189	0.189
IL13	LIF	9606.ENSP00000304915	9606.ENSP00000249075	0	0	0	0	0	0	0	0.413	0.412
IL13	NOX4	9606.ENSP00000304915	9606.ENSP00000263317	0	0	0	0	0	0	0	0.235	0.235
IL13	IL18RAP	9606.ENSP00000304915	9606.ENSP00000264260	0	0	0	0	0	0	0	0.264	0.264
IL13	IL21	9606.ENSP00000304915	9606.ENSP00000264497	0	0	0	0	0	0	0	0.741	0.741
IL13	STAT3	9606.ENSP00000304915	9606.ENSP00000264657	0	0	0	0	0	0	0.600	0.727	0.886
IL13	IRF8	9606.ENSP00000304915	9606.ENSP00000268638	0	0	0	0	0	0	0	0.369	0.369
IL13	OSMR	9606.ENSP00000304915	9606.ENSP00000274276	0	0	0	0	0	0	0.600	0.216	0.672
IL13	RETNLB	9606.ENSP00000304915	9606.ENSP00000295755	0	0	0	0	0	0	0	0.687	0.687
IL13	PPBP	9606.ENSP00000304915	9606.ENSP00000296028	0	0	0	0	0	0	0	0.455	0.455
IL13	PF4	9606.ENSP00000304915	9606.ENSP00000296029	0	0	0	0	0	0	0	0.395	0.395
IL13	IL22RA2	9606.ENSP00000304915	9606.ENSP00000296980	0	0	0	0	0	0	0.600	0.181	0.658
IL13	STAT6	9606.ENSP00000304915	9606.ENSP00000300134	0	0	0	0	0	0	0.600	0.861	0.942
IL13	NOD2	9606.ENSP00000304915	9606.ENSP00000300589	0	0	0	0	0	0	0	0.468	0.468
IL13	IL16	9606.ENSP00000304915	9606.ENSP00000302935	0	0	0	0	0	0	0	0.662	0.662
IL13	ZPBP2	9606.ENSP00000304915	9606.ENSP00000335384	0	0	0	0	0	0	0	0.171	0.171
IL13	TH	9606.ENSP00000304915	9606.ENSP00000370571	0	0	0	0	0	0	0	0.179	0.179
IL13	PVR	9606.ENSP00000304915	9606.ENSP00000402060	0	0	0	0	0	0	0	0.180	0.179
IL13	ITLN1	9606.ENSP00000304915	9606.ENSP00000323587	0	0	0	0	0	0	0	0.211	0.211
IL13	TCF7	9606.ENSP00000304915	9606.ENSP00000340347	0	0	0	0	0	0	0	0.215	0.215
IL13	TRAF1	9606.ENSP00000304915	9606.ENSP00000362994	0	0	0	0	0	0	0	0.218	0.218
IL13	PMEL	9606.ENSP00000304915	9606.ENSP00000402758	0	0	0	0	0	0	0	0.218	0.218
IL13	PTPN22	9606.ENSP00000304915	9606.ENSP00000352833	0	0	0	0	0	0	0	0.243	0.242
IL13	TGFBR1	9606.ENSP00000304915	9606.ENSP00000364133	0	0	0	0	0	0	0	0.266	0.266
IL13	TNFSF14	9606.ENSP00000304915	9606.ENSP00000469049	0	0	0	0	0.062	0	0	0.260	0.276
IL13	PLAU	9606.ENSP00000304915	9606.ENSP00000361850	0	0	0	0	0	0	0	0.277	0.277
IL13	IRGM	9606.ENSP00000304915	9606.ENSP00000428220	0	0	0	0	0	0	0	0.279	0.279
IL13	WDR36	9606.ENSP00000304915	9606.ENSP00000423067	0	0	0	0	0	0	0	0.284	0.284
IL13	MUC1	9606.ENSP00000304915	9606.ENSP00000484824	0	0	0	0	0	0	0	0.294	0.294
IL13	P4HA2	9606.ENSP00000304915	9606.ENSP00000384999	0	0	0	0	0	0	0	0.295	0.295
IL13	TNFRSF14	9606.ENSP00000304915	9606.ENSP00000347948	0	0	0	0	0	0	0	0.297	0.297
IL13	TGFBR2	9606.ENSP00000304915	9606.ENSP00000351905	0	0	0	0	0	0	0	0.320	0.319
IL13	ITK	9606.ENSP00000304915	9606.ENSP00000398655	0	0	0	0	0	0	0	0.323	0.323
IL13	TNIP1	9606.ENSP00000304915	9606.ENSP00000317891	0	0	0	0	0	0	0	0.334	0.334
IL13	IRF7	9606.ENSP00000304915	9606.ENSP00000380697	0	0	0	0	0	0	0	0.341	0.341
IL13	ITGA4	9606.ENSP00000304915	9606.ENSP00000380227	0	0	0	0	0	0	0	0.358	0.358
IL13	IRF5	9606.ENSP00000304915	9606.ENSP00000349770	0	0	0	0	0	0	0	0.420	0.420
IL13	TNFSF15	9606.ENSP00000304915	9606.ENSP00000363157	0	0	0	0	0	0	0	0.425	0.425
IL13	SYK	9606.ENSP00000304915	9606.ENSP00000364907	0	0	0	0	0	0	0	0.461	0.461
IL13	IL18R1	9606.ENSP00000304915	9606.ENSP00000387211	0	0	0	0	0	0	0	0.476	0.476
IL13	ORMDL3	9606.ENSP00000304915	9606.ENSP00000377724	0	0	0	0	0	0	0	0.505	0.505
IL13	IL19	9606.ENSP00000304915	9606.ENSP00000343000	0	0	0	0	0	0	0	0.518	0.518
IL13	MMP9	9606.ENSP00000304915	9606.ENSP00000361405	0	0	0	0	0	0	0	0.610	0.610
IL13	PTPRC	9606.ENSP00000304915	9606.ENSP00000411355	0	0	0	0	0	0	0	0.683	0.683
IL13	JAK2	9606.ENSP00000304915	9606.ENSP00000371067	0	0	0	0	0	0	0.600	0.506	0.793
IL13	IL23R	9606.ENSP00000304915	9606.ENSP00000321345	0	0	0	0	0	0	0.600	0.560	0.816
IL13	IL2RA	9606.ENSP00000304915	9606.ENSP00000369293	0	0	0	0	0	0	0.600	0.645	0.852
IL13	IL7R	9606.ENSP00000304915	9606.ENSP00000306157	0	0	0	0	0	0	0.600	0.653	0.855
IL13	TSLP	9606.ENSP00000304915	9606.ENSP00000339804	0	0	0	0	0	0	0	0.857	0.857
IL13	ITGAX	9606.ENSP00000304915	9606.ENSP00000454623	0	0	0	0	0	0	0.900	0.711	0.969
IL16	IL2RB	9606.ENSP00000302935	9606.ENSP00000216223	0	0	0	0	0.248	0	0	0.280	0.436
IL16	IL4	9606.ENSP00000302935	9606.ENSP00000231449	0	0	0	0	0	0	0	0.650	0.650
IL16	IRF1	9606.ENSP00000302935	9606.ENSP00000245414	0	0	0	0	0.089	0	0	0.172	0.213
IL16	LIF	9606.ENSP00000302935	9606.ENSP00000249075	0	0	0	0	0	0	0	0.294	0.294
IL16	NOX4	9606.ENSP00000302935	9606.ENSP00000263317	0	0	0	0	0	0	0	0.182	0.182
IL16	IL18RAP	9606.ENSP00000302935	9606.ENSP00000264260	0	0	0	0	0.134	0	0	0.095	0.182
IL16	IL21	9606.ENSP00000302935	9606.ENSP00000264497	0	0	0	0	0	0	0	0.315	0.315
IL16	STAT3	9606.ENSP00000302935	9606.ENSP00000264657	0	0	0	0	0.062	0.121	0	0.261	0.338
IL16	IRF8	9606.ENSP00000302935	9606.ENSP00000268638	0	0	0	0	0.213	0	0	0.172	0.320
IL16	JAZF1	9606.ENSP00000302935	9606.ENSP00000283928	0	0	0	0	0	0	0	0.357	0.357
IL16	SAMSN1	9606.ENSP00000302935	9606.ENSP00000285670	0	0	0	0	0.161	0	0	0.123	0.234
IL16	TRAT1	9606.ENSP00000302935	9606.ENSP00000295756	0	0	0	0	0.119	0	0	0.084	0.159
IL16	PPBP	9606.ENSP00000302935	9606.ENSP00000296028	0	0	0	0	0.076	0	0	0.202	0.231
IL16	PF4	9606.ENSP00000302935	9606.ENSP00000296029	0	0	0	0	0	0	0	0.242	0.242
IL16	STAT6	9606.ENSP00000302935	9606.ENSP00000300134	0	0	0	0	0.070	0.121	0	0.194	0.284
IL16	NOD2	9606.ENSP00000302935	9606.ENSP00000300589	0	0	0	0	0.133	0	0	0.123	0.207
IL16	SP140	9606.ENSP00000302935	9606.ENSP00000375899	0	0	0	0	0.157	0	0	0.044	0.160
IL16	ITGA4	9606.ENSP00000302935	9606.ENSP00000380227	0	0	0	0	0.112	0	0	0.100	0.166
IL16	TCF7	9606.ENSP00000302935	9606.ENSP00000340347	0	0	0	0	0.051	0.139	0	0.065	0.170
IL16	TGFBR1	9606.ENSP00000302935	9606.ENSP00000364133	0	0	0	0	0	0.117	0	0.101	0.172
IL16	IRF5	9606.ENSP00000302935	9606.ENSP00000349770	0	0	0	0	0.088	0	0	0.134	0.176
IL16	NRROS	9606.ENSP00000302935	9606.ENSP00000328625	0	0	0	0	0.171	0.056	0	0	0.184
IL16	PLCL1	9606.ENSP00000302935	9606.ENSP00000402861	0	0	0	0	0.094	0.142	0	0	0.189
IL16	IRF7	9606.ENSP00000302935	9606.ENSP00000380697	0	0	0	0	0.090	0	0	0.150	0.193
IL16	TNFRSF14	9606.ENSP00000302935	9606.ENSP00000347948	0	0	0	0	0.152	0	0	0.094	0.198
IL16	TNFSF14	9606.ENSP00000302935	9606.ENSP00000469049	0	0	0	0	0.081	0	0	0.163	0.199
IL16	RGS1	9606.ENSP00000302935	9606.ENSP00000356429	0	0	0	0	0.174	0.072	0	0	0.201
IL16	ITK	9606.ENSP00000302935	9606.ENSP00000398655	0	0	0	0	0.153	0.117	0	0.073	0.246
IL16	TRAF1	9606.ENSP00000302935	9606.ENSP00000362994	0	0	0	0	0.130	0.077	0	0.137	0.247
IL16	JAK2	9606.ENSP00000302935	9606.ENSP00000371067	0	0	0	0	0.073	0.117	0	0.160	0.252
IL16	SYK	9606.ENSP00000302935	9606.ENSP00000364907	0	0	0	0	0.110	0.117	0	0.141	0.266
IL16	PTPN22	9606.ENSP00000302935	9606.ENSP00000352833	0	0	0	0	0.202	0.066	0	0.100	0.270
IL16	PRKCB	9606.ENSP00000302935	9606.ENSP00000305355	0	0	0	0	0.150	0.178	0	0.056	0.283
IL16	IL18R1	9606.ENSP00000302935	9606.ENSP00000387211	0	0	0	0	0.090	0	0	0.249	0.288
IL16	ITGAX	9606.ENSP00000302935	9606.ENSP00000454623	0	0	0	0	0.120	0	0	0.235	0.298
IL16	IL7R	9606.ENSP00000302935	9606.ENSP00000306157	0	0	0	0	0.122	0	0	0.240	0.304
IL16	TAGAP	9606.ENSP00000302935	9606.ENSP00000356033	0	0	0	0	0.313	0	0	0	0.313
IL16	RASAL3	9606.ENSP00000302935	9606.ENSP00000341905	0	0	0	0	0.313	0.057	0	0	0.324
IL16	TSLP	9606.ENSP00000302935	9606.ENSP00000339804	0	0	0	0	0	0	0	0.340	0.340
IL16	MMP9	9606.ENSP00000302935	9606.ENSP00000361405	0	0	0	0	0.087	0	0	0.330	0.362
IL16	IL19	9606.ENSP00000302935	9606.ENSP00000343000	0	0	0	0	0	0	0	0.445	0.445
IL16	IL2RA	9606.ENSP00000302935	9606.ENSP00000369293	0	0	0	0	0.069	0	0	0.456	0.471
IL16	PTPRC	9606.ENSP00000302935	9606.ENSP00000411355	0	0	0	0	0.464	0.066	0	0.235	0.584
IL18R1	SCT	9606.ENSP00000387211	9606.ENSP00000176195	0	0	0	0	0	0	0	0.459	0.459
IL18R1	IL2RB	9606.ENSP00000387211	9606.ENSP00000216223	0	0	0	0	0.099	0	0	0.563	0.589
IL18R1	IL4	9606.ENSP00000387211	9606.ENSP00000231449	0	0	0	0	0	0	0	0.430	0.430
IL18R1	IL1RL1	9606.ENSP00000387211	9606.ENSP00000233954	0	0	0	0.689	0.099	0	0	0.728	0.299
IL18R1	SLC22A5	9606.ENSP00000387211	9606.ENSP00000245407	0	0	0	0	0	0	0	0.241	0.240
IL18R1	IRF1	9606.ENSP00000387211	9606.ENSP00000245414	0	0	0	0	0.076	0	0	0.288	0.313
IL18R1	NDFIP1	9606.ENSP00000387211	9606.ENSP00000253814	0	0	0	0	0	0	0	0.181	0.181
IL18R1	SP110	9606.ENSP00000387211	9606.ENSP00000258381	0	0	0	0	0.065	0	0	0.166	0.186
IL18R1	IL18RAP	9606.ENSP00000387211	9606.ENSP00000264260	0	0	0	0.686	0.526	0.800	0.900	0.975	0.992
IL18R1	KIAA1109	9606.ENSP00000387211	9606.ENSP00000264501	0	0	0	0	0	0	0	0.445	0.445
IL18R1	STAT3	9606.ENSP00000387211	9606.ENSP00000264657	0	0	0	0	0	0.077	0.900	0.295	0.929
IL18R1	IRF8	9606.ENSP00000387211	9606.ENSP00000268638	0	0	0	0	0.095	0	0	0.235	0.278
IL18R1	SAMSN1	9606.ENSP00000387211	9606.ENSP00000285670	0	0	0	0	0.105	0	0	0.156	0.212
IL18R1	SLC9A4	9606.ENSP00000387211	9606.ENSP00000295269	0	0	0	0	0	0	0	0.385	0.384
IL18R1	IL22RA2	9606.ENSP00000387211	9606.ENSP00000296980	0	0	0	0	0	0	0	0.286	0.286
IL18R1	STAT6	9606.ENSP00000387211	9606.ENSP00000300134	0	0	0	0	0.062	0.077	0	0.324	0.363
IL18R1	NOD2	9606.ENSP00000387211	9606.ENSP00000300589	0	0	0	0	0.098	0	0	0.431	0.464
IL18R1	IL7R	9606.ENSP00000387211	9606.ENSP00000306157	0	0	0	0	0.096	0	0	0.460	0.492
IL18R1	TNIP1	9606.ENSP00000387211	9606.ENSP00000317891	0	0	0	0	0.066	0	0	0.179	0.201
IL18R1	IL23R	9606.ENSP00000387211	9606.ENSP00000321345	0	0	0	0	0	0	0	0.518	0.518
IL18R1	ITLN1	9606.ENSP00000387211	9606.ENSP00000323587	0	0	0	0	0.062	0	0	0.138	0.156
IL18R1	ZPBP2	9606.ENSP00000387211	9606.ENSP00000335384	0	0	0	0	0	0	0	0.375	0.375
IL18R1	TSLP	9606.ENSP00000387211	9606.ENSP00000339804	0	0	0	0	0	0	0	0.423	0.422
IL18R1	TCF7	9606.ENSP00000387211	9606.ENSP00000340347	0	0	0	0	0	0	0	0.235	0.235
IL18R1	NKX2-3	9606.ENSP00000387211	9606.ENSP00000342828	0	0	0	0	0	0	0	0.357	0.357
IL18R1	IL19	9606.ENSP00000387211	9606.ENSP00000343000	0	0	0	0	0	0	0	0.210	0.210
IL18R1	TNFRSF14	9606.ENSP00000387211	9606.ENSP00000347948	0	0	0	0	0.083	0	0	0.237	0.271
IL18R1	IRF5	9606.ENSP00000387211	9606.ENSP00000349770	0	0	0	0	0.065	0	0	0.227	0.246
IL18R1	TGFBR2	9606.ENSP00000387211	9606.ENSP00000351905	0	0	0	0	0.069	0.056	0	0.164	0.201
IL18R1	PTPN22	9606.ENSP00000387211	9606.ENSP00000352833	0	0	0	0	0.076	0	0	0.427	0.447
IL18R1	TAGAP	9606.ENSP00000387211	9606.ENSP00000356033	0	0	0	0	0.110	0	0	0.557	0.588
IL18R1	RGS1	9606.ENSP00000387211	9606.ENSP00000356429	0	0	0	0	0.076	0	0	0.455	0.474
IL18R1	MMP9	9606.ENSP00000387211	9606.ENSP00000361405	0	0	0	0	0.062	0	0	0.241	0.257
IL18R1	TRAF1	9606.ENSP00000387211	9606.ENSP00000362994	0	0	0	0	0.088	0	0	0.123	0.165
IL18R1	TNFSF15	9606.ENSP00000387211	9606.ENSP00000363157	0	0	0	0	0	0	0	0.323	0.323
IL18R1	SYK	9606.ENSP00000387211	9606.ENSP00000364907	0	0	0	0	0.085	0.056	0	0.113	0.168
IL18R1	IL2RA	9606.ENSP00000387211	9606.ENSP00000369293	0	0	0	0	0.085	0	0	0.517	0.539
IL18R1	JAK2	9606.ENSP00000387211	9606.ENSP00000371067	0	0	0	0	0.065	0.056	0	0.280	0.308
IL18R1	ORMDL3	9606.ENSP00000387211	9606.ENSP00000377724	0	0	0	0	0	0	0	0.653	0.653
IL18R1	ITGA4	9606.ENSP00000387211	9606.ENSP00000380227	0	0	0	0	0.069	0	0	0.209	0.232
IL18R1	IRF7	9606.ENSP00000387211	9606.ENSP00000380697	0	0	0	0	0.065	0	0	0.134	0.155
IL18R1	LACC1	9606.ENSP00000387211	9606.ENSP00000391747	0	0	0	0	0	0	0	0.208	0.208
IL18R1	ITK	9606.ENSP00000387211	9606.ENSP00000398655	0	0	0	0	0.063	0.056	0	0.189	0.220
IL18R1	KIF21B	9606.ENSP00000387211	9606.ENSP00000411831	0	0	0	0	0	0	0	0.261	0.261
IL18R1	ITGAX	9606.ENSP00000387211	9606.ENSP00000454623	0	0	0	0	0.090	0	0	0.234	0.274
IL18R1	IRGM	9606.ENSP00000387211	9606.ENSP00000428220	0	0	0	0	0	0	0	0.294	0.294
IL18R1	TNFSF14	9606.ENSP00000387211	9606.ENSP00000469049	0	0	0	0	0.062	0	0	0.288	0.304
IL18R1	PTPRC	9606.ENSP00000387211	9606.ENSP00000411355	0	0	0	0	0.109	0	0	0.253	0.307
IL18R1	WDR36	9606.ENSP00000387211	9606.ENSP00000423067	0	0	0	0	0	0	0	0.392	0.392
IL18RAP	IL2RB	9606.ENSP00000264260	9606.ENSP00000216223	0	0	0	0	0.196	0	0	0.247	0.369
IL18RAP	IL4	9606.ENSP00000264260	9606.ENSP00000231449	0	0	0	0	0	0	0	0.314	0.313
IL18RAP	IL1RL1	9606.ENSP00000264260	9606.ENSP00000233954	0	0	0	0.644	0.062	0	0	0.505	0.223
IL18RAP	IRF1	9606.ENSP00000264260	9606.ENSP00000245414	0	0	0	0	0.123	0	0	0.181	0.251
IL18RAP	SDF2L1	9606.ENSP00000264260	9606.ENSP00000248958	0	0	0	0	0	0	0	0.174	0.173
IL18RAP	PF4	9606.ENSP00000264260	9606.ENSP00000296029	0	0	0	0	0.137	0	0	0.058	0.152
IL18RAP	ZPBP2	9606.ENSP00000264260	9606.ENSP00000335384	0	0	0	0	0	0	0	0.167	0.167
IL18RAP	TNFSF14	9606.ENSP00000264260	9606.ENSP00000469049	0	0	0	0	0.088	0	0	0.128	0.170
IL18RAP	SLC9A4	9606.ENSP00000264260	9606.ENSP00000295269	0	0	0	0	0	0	0	0.171	0.171
IL18RAP	SAMSN1	9606.ENSP00000264260	9606.ENSP00000285670	0	0	0	0	0.182	0	0	0	0.181
IL18RAP	PLCL1	9606.ENSP00000264260	9606.ENSP00000402861	0	0	0	0	0	0	0	0.181	0.181
IL18RAP	TRAT1	9606.ENSP00000264260	9606.ENSP00000295756	0	0	0	0	0.184	0	0	0	0.183
IL18RAP	ITK	9606.ENSP00000264260	9606.ENSP00000398655	0	0	0	0	0.117	0.056	0	0.108	0.192
IL18RAP	TSLP	9606.ENSP00000264260	9606.ENSP00000339804	0	0	0	0	0	0	0	0.193	0.193
IL18RAP	ITLN1	9606.ENSP00000264260	9606.ENSP00000323587	0	0	0	0	0.090	0	0	0.150	0.193
IL18RAP	RASAL3	9606.ENSP00000264260	9606.ENSP00000341905	0	0	0	0	0.213	0	0	0	0.213
IL18RAP	ITGA4	9606.ENSP00000264260	9606.ENSP00000380227	0	0	0	0	0.076	0	0	0.185	0.215
IL18RAP	MMP9	9606.ENSP00000264260	9606.ENSP00000361405	0	0	0	0	0.107	0	0	0.167	0.224
IL18RAP	SP140	9606.ENSP00000264260	9606.ENSP00000375899	0	0	0	0	0.152	0	0	0.125	0.226
IL18RAP	SYK	9606.ENSP00000264260	9606.ENSP00000364907	0	0	0	0	0.126	0.056	0	0.137	0.226
IL18RAP	OSMR	9606.ENSP00000264260	9606.ENSP00000274276	0	0	0	0	0.062	0	0	0.214	0.231
IL18RAP	STAT6	9606.ENSP00000264260	9606.ENSP00000300134	0	0	0	0	0.063	0.077	0	0.184	0.232
IL18RAP	IRF5	9606.ENSP00000264260	9606.ENSP00000349770	0	0	0	0	0.077	0	0	0.204	0.233
IL18RAP	ORMDL3	9606.ENSP00000264260	9606.ENSP00000377724	0	0	0	0	0	0	0	0.250	0.250
IL18RAP	PPBP	9606.ENSP00000264260	9606.ENSP00000296028	0	0	0	0	0.176	0	0	0.140	0.261
IL18RAP	ITGAX	9606.ENSP00000264260	9606.ENSP00000454623	0	0	0	0	0.181	0	0	0.140	0.265
IL18RAP	KIAA1109	9606.ENSP00000264260	9606.ENSP00000264501	0	0	0	0	0	0	0	0.268	0.268
IL18RAP	IRF8	9606.ENSP00000264260	9606.ENSP00000268638	0	0	0	0	0.183	0	0	0.146	0.272
IL18RAP	JAK2	9606.ENSP00000264260	9606.ENSP00000371067	0	0	0	0	0.069	0.056	0	0.242	0.275
IL18RAP	SLITRK1	9606.ENSP00000264260	9606.ENSP00000366288	0	0	0	0	0	0	0	0.278	0.278
IL18RAP	TNFRSF14	9606.ENSP00000264260	9606.ENSP00000347948	0	0	0	0	0.098	0	0	0.241	0.286
IL18RAP	NKX2-3	9606.ENSP00000264260	9606.ENSP00000342828	0	0	0	0	0	0	0	0.294	0.294
IL18RAP	STAT3	9606.ENSP00000264260	9606.ENSP00000264657	0	0	0	0	0	0.077	0	0.282	0.308
IL18RAP	TNFSF15	9606.ENSP00000264260	9606.ENSP00000363157	0	0	0	0	0	0	0	0.323	0.323
IL18RAP	IRGM	9606.ENSP00000264260	9606.ENSP00000428220	0	0	0	0	0	0	0	0.323	0.323
IL18RAP	PTPRC	9606.ENSP00000264260	9606.ENSP00000411355	0	0	0	0	0.252	0	0	0.144	0.332
IL18RAP	KIF21B	9606.ENSP00000264260	9606.ENSP00000411831	0	0	0	0	0.063	0	0	0.320	0.335
IL18RAP	LACC1	9606.ENSP00000264260	9606.ENSP00000391747	0	0	0	0	0	0	0	0.378	0.378
IL18RAP	IL7R	9606.ENSP00000264260	9606.ENSP00000306157	0	0	0	0	0.119	0	0	0.325	0.380
IL18RAP	IL2RA	9606.ENSP00000264260	9606.ENSP00000369293	0	0	0	0	0.103	0	0	0.360	0.401
IL18RAP	IL23R	9606.ENSP00000264260	9606.ENSP00000321345	0	0	0	0	0.062	0	0	0.491	0.502
IL18RAP	RGS1	9606.ENSP00000264260	9606.ENSP00000356429	0	0	0	0	0.136	0	0	0.456	0.509
IL18RAP	PTPN22	9606.ENSP00000264260	9606.ENSP00000352833	0	0	0	0	0.134	0	0	0.468	0.519
IL18RAP	NOD2	9606.ENSP00000264260	9606.ENSP00000300589	0	0	0	0	0.211	0	0	0.450	0.547
IL18RAP	TAGAP	9606.ENSP00000264260	9606.ENSP00000356033	0	0	0	0	0.329	0	0	0.601	0.720
IL19	IL2RB	9606.ENSP00000343000	9606.ENSP00000216223	0	0	0	0	0	0	0.600	0.155	0.647
IL19	IL4	9606.ENSP00000343000	9606.ENSP00000231449	0	0	0	0	0	0	0	0.518	0.518
IL19	IL1RL1	9606.ENSP00000343000	9606.ENSP00000233954	0	0	0	0	0	0	0	0.213	0.213
IL19	IRF1	9606.ENSP00000343000	9606.ENSP00000245414	0	0	0	0	0	0	0	0.190	0.190
IL19	LIF	9606.ENSP00000343000	9606.ENSP00000249075	0	0	0	0	0	0	0	0.181	0.181
IL19	IL21	9606.ENSP00000343000	9606.ENSP00000264497	0	0	0	0	0.064	0	0	0.207	0.226
IL19	STAT3	9606.ENSP00000343000	9606.ENSP00000264657	0	0	0	0	0	0	0.600	0.469	0.778
IL19	IRF8	9606.ENSP00000343000	9606.ENSP00000268638	0	0	0	0	0	0	0	0.190	0.190
IL19	OSMR	9606.ENSP00000343000	9606.ENSP00000274276	0	0	0	0	0	0	0.600	0.142	0.642
IL19	PPBP	9606.ENSP00000343000	9606.ENSP00000296028	0	0	0	0	0	0	0	0.157	0.157
IL19	IL22RA2	9606.ENSP00000343000	9606.ENSP00000296980	0	0	0	0	0	0	0.600	0.450	0.770
IL19	STAT6	9606.ENSP00000343000	9606.ENSP00000300134	0	0	0	0	0	0	0	0.335	0.335
IL19	NOD2	9606.ENSP00000343000	9606.ENSP00000300589	0	0	0	0	0	0	0	0.257	0.256
IL19	IL7R	9606.ENSP00000343000	9606.ENSP00000306157	0	0	0	0	0	0	0.600	0.216	0.673
IL19	IL23R	9606.ENSP00000343000	9606.ENSP00000321345	0	0	0	0	0	0	0.600	0.325	0.718
IL19	TSLP	9606.ENSP00000343000	9606.ENSP00000339804	0	0	0	0	0	0	0	0.369	0.369
IL19	IRF7	9606.ENSP00000343000	9606.ENSP00000380697	0	0	0	0	0	0	0	0.160	0.160
IL19	PTPN22	9606.ENSP00000343000	9606.ENSP00000352833	0	0	0	0	0	0	0	0.173	0.173
IL19	ITGAX	9606.ENSP00000343000	9606.ENSP00000454623	0	0	0	0	0	0	0	0.195	0.195
IL19	MMP9	9606.ENSP00000343000	9606.ENSP00000361405	0	0	0	0	0	0	0	0.213	0.213
IL19	JAK2	9606.ENSP00000343000	9606.ENSP00000371067	0	0	0	0	0	0	0	0.282	0.282
IL19	TNFSF14	9606.ENSP00000343000	9606.ENSP00000469049	0	0	0	0	0	0	0	0.287	0.286
IL19	SSTR3	9606.ENSP00000343000	9606.ENSP00000480971	0	0	0	0	0	0	0	0.309	0.309
IL19	IRGM	9606.ENSP00000343000	9606.ENSP00000428220	0	0	0	0	0	0	0	0.327	0.327
IL19	TAGAP	9606.ENSP00000343000	9606.ENSP00000356033	0	0	0	0	0	0	0	0.398	0.398
IL19	IL2RA	9606.ENSP00000343000	9606.ENSP00000369293	0	0	0	0	0	0	0.600	0.244	0.684
IL19	IL20	9606.ENSP00000343000	9606.ENSP00000356065	0	0	0	0.891	0.087	0	0.800	0.613	0.821
IL1RL1	IL2RB	9606.ENSP00000233954	9606.ENSP00000216223	0	0	0	0	0.062	0	0	0.421	0.433
IL1RL1	IL4	9606.ENSP00000233954	9606.ENSP00000231449	0	0	0	0	0	0	0	0.618	0.618
IL1RL1	TNFRSF14	9606.ENSP00000233954	9606.ENSP00000347948	0	0	0	0	0	0	0	0.151	0.151
IL1RL1	JAK2	9606.ENSP00000233954	9606.ENSP00000371067	0	0	0	0	0	0	0	0.156	0.155
IL1RL1	SAMSN1	9606.ENSP00000233954	9606.ENSP00000285670	0	0	0	0	0	0	0	0.157	0.157
IL1RL1	IRF5	9606.ENSP00000233954	9606.ENSP00000349770	0	0	0	0	0	0	0	0.161	0.161
IL1RL1	IRF7	9606.ENSP00000233954	9606.ENSP00000380697	0	0	0	0	0	0	0	0.170	0.169
IL1RL1	IRF1	9606.ENSP00000233954	9606.ENSP00000245414	0	0	0	0	0	0	0	0.170	0.169
IL1RL1	TGFBR1	9606.ENSP00000233954	9606.ENSP00000364133	0	0	0	0	0	0	0	0.180	0.179
IL1RL1	TNIP1	9606.ENSP00000233954	9606.ENSP00000317891	0	0	0	0	0	0	0	0.183	0.183
IL1RL1	IL21	9606.ENSP00000233954	9606.ENSP00000264497	0	0	0	0	0	0	0	0.188	0.188
IL1RL1	PPBP	9606.ENSP00000233954	9606.ENSP00000296028	0	0	0	0	0.062	0	0	0.180	0.197
IL1RL1	RETNLB	9606.ENSP00000233954	9606.ENSP00000295755	0	0	0	0	0	0	0	0.204	0.204
IL1RL1	IRF8	9606.ENSP00000233954	9606.ENSP00000268638	0	0	0	0	0	0	0	0.207	0.207
IL1RL1	SLC22A5	9606.ENSP00000233954	9606.ENSP00000245407	0	0	0	0	0	0	0	0.225	0.224
IL1RL1	MMP9	9606.ENSP00000233954	9606.ENSP00000361405	0	0	0	0	0	0	0	0.233	0.232
IL1RL1	SUOX	9606.ENSP00000233954	9606.ENSP00000377668	0	0	0	0	0	0	0	0.234	0.234
IL1RL1	NOD2	9606.ENSP00000233954	9606.ENSP00000300589	0	0	0	0	0	0	0	0.235	0.235
IL1RL1	TCF7	9606.ENSP00000233954	9606.ENSP00000340347	0	0	0	0	0	0	0	0.238	0.238
IL1RL1	STAT3	9606.ENSP00000233954	9606.ENSP00000264657	0	0	0	0	0	0	0	0.270	0.270
IL1RL1	LACC1	9606.ENSP00000233954	9606.ENSP00000391747	0	0	0	0	0	0	0	0.279	0.279
IL1RL1	TNFSF15	9606.ENSP00000233954	9606.ENSP00000363157	0	0	0	0	0	0	0	0.288	0.288
IL1RL1	SSTR3	9606.ENSP00000233954	9606.ENSP00000480971	0	0	0	0	0	0	0	0.295	0.295
IL1RL1	IL23R	9606.ENSP00000233954	9606.ENSP00000321345	0	0	0	0	0	0	0	0.324	0.323
IL1RL1	NKX2-3	9606.ENSP00000233954	9606.ENSP00000342828	0	0	0	0	0	0	0	0.386	0.386
IL1RL1	SLC9A4	9606.ENSP00000233954	9606.ENSP00000295269	0	0	0	0	0	0	0	0.396	0.396
IL1RL1	IL2RA	9606.ENSP00000233954	9606.ENSP00000369293	0	0	0	0	0.062	0	0	0.441	0.453
IL1RL1	STAT6	9606.ENSP00000233954	9606.ENSP00000300134	0	0	0	0	0	0	0	0.460	0.459
IL1RL1	ZPBP2	9606.ENSP00000233954	9606.ENSP00000335384	0	0	0	0	0	0	0	0.470	0.470
IL1RL1	ITGAX	9606.ENSP00000233954	9606.ENSP00000454623	0	0	0	0	0.051	0	0	0.478	0.484
IL1RL1	PTPRC	9606.ENSP00000233954	9606.ENSP00000411355	0	0	0	0	0.062	0	0	0.479	0.490
IL1RL1	WDR36	9606.ENSP00000233954	9606.ENSP00000423067	0	0	0	0	0.062	0	0	0.502	0.512
IL1RL1	IL7R	9606.ENSP00000233954	9606.ENSP00000306157	0	0	0	0	0.062	0	0	0.568	0.578
IL1RL1	ORMDL3	9606.ENSP00000233954	9606.ENSP00000377724	0	0	0	0	0	0	0	0.681	0.681
IL1RL1	TSLP	9606.ENSP00000233954	9606.ENSP00000339804	0	0	0	0	0.064	0	0	0.688	0.695
IL20	IL2RB	9606.ENSP00000356065	9606.ENSP00000216223	0	0	0	0	0	0	0.600	0.043	0.600
IL20	IL4	9606.ENSP00000356065	9606.ENSP00000231449	0	0	0	0	0	0	0	0.218	0.218
IL20	IL21	9606.ENSP00000356065	9606.ENSP00000264497	0	0	0	0	0.065	0	0	0.156	0.177
IL20	STAT3	9606.ENSP00000356065	9606.ENSP00000264657	0	0	0	0	0	0	0.600	0.120	0.632
IL20	OSMR	9606.ENSP00000356065	9606.ENSP00000274276	0	0	0	0	0	0	0.600	0	0.600
IL20	IL22RA2	9606.ENSP00000356065	9606.ENSP00000296980	0	0	0	0	0	0	0.600	0.173	0.655
IL20	IL7R	9606.ENSP00000356065	9606.ENSP00000306157	0	0	0	0	0	0	0.600	0.061	0.608
IL20	IL23R	9606.ENSP00000356065	9606.ENSP00000321345	0	0	0	0	0.062	0	0.600	0.085	0.626
IL20	IL2RA	9606.ENSP00000356065	9606.ENSP00000369293	0	0	0	0	0	0	0.600	0	0.600
IL20	JAK2	9606.ENSP00000356065	9606.ENSP00000371067	0	0	0	0	0	0	0.600	0.101	0.625
IL21	IL2RB	9606.ENSP00000264497	9606.ENSP00000216223	0	0	0	0	0	0	0.600	0.463	0.776
IL21	IL4	9606.ENSP00000264497	9606.ENSP00000231449	0	0	0	0	0	0	0	0.750	0.750
IL21	IRF1	9606.ENSP00000264497	9606.ENSP00000245414	0	0	0	0	0	0	0	0.188	0.188
IL21	LIF	9606.ENSP00000264497	9606.ENSP00000249075	0	0	0	0	0	0	0	0.303	0.303
IL21	TAGAP	9606.ENSP00000264497	9606.ENSP00000356033	0	0	0	0	0	0	0	0.151	0.150
IL21	IRF5	9606.ENSP00000264497	9606.ENSP00000349770	0	0	0	0	0	0	0	0.150	0.150
IL21	IRF8	9606.ENSP00000264497	9606.ENSP00000268638	0	0	0	0	0	0	0	0.151	0.151
IL21	PMEL	9606.ENSP00000264497	9606.ENSP00000402758	0	0	0	0	0	0	0	0.172	0.172
IL21	TSLP	9606.ENSP00000264497	9606.ENSP00000339804	0	0	0	0	0	0	0	0.202	0.202
IL21	NOD2	9606.ENSP00000264497	9606.ENSP00000300589	0	0	0	0	0	0	0	0.207	0.207
IL21	SYK	9606.ENSP00000264497	9606.ENSP00000364907	0	0	0	0	0	0	0	0.249	0.249
IL21	JAK2	9606.ENSP00000264497	9606.ENSP00000371067	0	0	0	0	0	0	0	0.438	0.438
IL21	KIAA1109	9606.ENSP00000264497	9606.ENSP00000264501	0	0	0	0	0	0	0	0.450	0.450
IL21	ITGAX	9606.ENSP00000264497	9606.ENSP00000454623	0	0	0	0	0	0	0	0.462	0.462
IL21	PTPRC	9606.ENSP00000264497	9606.ENSP00000411355	0	0	0	0	0	0	0	0.499	0.499
IL21	MMP9	9606.ENSP00000264497	9606.ENSP00000361405	0	0	0	0	0	0	0	0.510	0.510
IL21	STAT6	9606.ENSP00000264497	9606.ENSP00000300134	0	0	0	0	0	0	0	0.568	0.568
IL21	IL22RA2	9606.ENSP00000264497	9606.ENSP00000296980	0	0	0	0	0	0	0.600	0.062	0.608
IL21	OSMR	9606.ENSP00000264497	9606.ENSP00000274276	0	0	0	0	0	0	0.600	0.225	0.676
IL21	IL7R	9606.ENSP00000264497	9606.ENSP00000306157	0	0	0	0	0	0	0.600	0.300	0.708
IL21	IL23R	9606.ENSP00000264497	9606.ENSP00000321345	0	0	0	0	0	0	0.600	0.420	0.758
IL21	IL2RA	9606.ENSP00000264497	9606.ENSP00000369293	0	0	0	0	0	0	0.600	0.460	0.774
IL21	STAT3	9606.ENSP00000264497	9606.ENSP00000264657	0	0	0	0	0	0	0.600	0.724	0.885
IL22RA2	IL2RB	9606.ENSP00000296980	9606.ENSP00000216223	0	0	0	0	0	0	0	0.186	0.186
IL22RA2	IL4	9606.ENSP00000296980	9606.ENSP00000231449	0	0	0	0	0	0	0.600	0.194	0.663
IL22RA2	LIF	9606.ENSP00000296980	9606.ENSP00000249075	0	0	0	0	0	0	0.600	0	0.600
IL22RA2	STAT3	9606.ENSP00000296980	9606.ENSP00000264657	0	0	0	0	0	0.189	0	0.391	0.484
IL22RA2	IRF8	9606.ENSP00000296980	9606.ENSP00000268638	0	0	0	0	0	0	0	0.217	0.217
IL22RA2	OSMR	9606.ENSP00000296980	9606.ENSP00000274276	0	0	0	0	0	0	0	0.299	0.299
IL22RA2	TGFBR2	9606.ENSP00000296980	9606.ENSP00000351905	0	0	0	0	0	0	0	0.154	0.154
IL22RA2	TNFRSF14	9606.ENSP00000296980	9606.ENSP00000347948	0	0	0	0	0	0	0	0.165	0.165
IL22RA2	ITGAX	9606.ENSP00000296980	9606.ENSP00000454623	0	0	0	0	0	0	0	0.170	0.169
IL22RA2	TNFSF15	9606.ENSP00000296980	9606.ENSP00000363157	0	0	0	0	0	0	0	0.174	0.174
IL22RA2	TNFSF14	9606.ENSP00000296980	9606.ENSP00000469049	0	0	0	0	0	0	0	0.193	0.193
IL22RA2	NOD2	9606.ENSP00000296980	9606.ENSP00000300589	0	0	0	0	0	0	0	0.195	0.195
IL22RA2	IL7R	9606.ENSP00000296980	9606.ENSP00000306157	0	0	0	0	0	0	0	0.246	0.245
IL22RA2	IL2RA	9606.ENSP00000296980	9606.ENSP00000369293	0	0	0	0	0	0	0	0.272	0.272
IL22RA2	IL23R	9606.ENSP00000296980	9606.ENSP00000321345	0	0	0	0	0	0	0	0.276	0.276
IL22RA2	TAGAP	9606.ENSP00000296980	9606.ENSP00000356033	0	0	0	0	0	0	0	0.337	0.337
IL22RA2	MUC1	9606.ENSP00000296980	9606.ENSP00000484824	0	0	0	0	0	0	0	0.357	0.357
IL22RA2	TSLP	9606.ENSP00000296980	9606.ENSP00000339804	0	0	0	0	0	0	0.600	0.090	0.620
IL22RA2	JAK2	9606.ENSP00000296980	9606.ENSP00000371067	0	0	0	0	0	0	0.600	0.096	0.622
IL23R	SLC22A4	9606.ENSP00000321345	9606.ENSP00000200652	0	0	0	0	0	0	0	0.469	0.469
IL23R	IL2RB	9606.ENSP00000321345	9606.ENSP00000216223	0	0	0	0	0.062	0	0	0.304	0.319
IL23R	IL4	9606.ENSP00000321345	9606.ENSP00000231449	0	0	0	0	0	0	0.600	0.602	0.833
IL23R	SLC22A5	9606.ENSP00000321345	9606.ENSP00000245407	0	0	0	0	0	0	0	0.413	0.412
IL23R	IRF1	9606.ENSP00000321345	9606.ENSP00000245414	0	0	0	0	0	0	0	0.249	0.248
IL23R	LIF	9606.ENSP00000321345	9606.ENSP00000249075	0	0	0	0	0	0	0.600	0.135	0.639
IL23R	NDFIP1	9606.ENSP00000321345	9606.ENSP00000253814	0	0	0	0	0	0	0	0.182	0.182
IL23R	KIAA1109	9606.ENSP00000321345	9606.ENSP00000264501	0	0	0	0	0	0	0	0.260	0.260
IL23R	STAT3	9606.ENSP00000321345	9606.ENSP00000264657	0	0	0	0	0	0.213	0.900	0.741	0.977
IL23R	IRF8	9606.ENSP00000321345	9606.ENSP00000268638	0	0	0	0	0	0	0	0.341	0.341
IL23R	OSMR	9606.ENSP00000321345	9606.ENSP00000274276	0	0	0	0	0	0	0	0.188	0.188
IL23R	SLC9A4	9606.ENSP00000321345	9606.ENSP00000295269	0	0	0	0	0	0	0	0.262	0.262
IL23R	STAT6	9606.ENSP00000321345	9606.ENSP00000300134	0	0	0	0	0	0	0	0.391	0.390
IL23R	NOD2	9606.ENSP00000321345	9606.ENSP00000300589	0	0	0	0	0	0	0	0.785	0.785
IL23R	IL7R	9606.ENSP00000321345	9606.ENSP00000306157	0	0	0	0	0.065	0	0	0.521	0.533
IL23R	TNIP1	9606.ENSP00000321345	9606.ENSP00000317891	0	0	0	0	0	0	0	0.565	0.565
IL23R	ITK	9606.ENSP00000321345	9606.ENSP00000398655	0	0	0	0	0.059	0	0	0.138	0.154
IL23R	SYK	9606.ENSP00000321345	9606.ENSP00000364907	0	0	0	0	0	0	0	0.161	0.161
IL23R	UBE2L3	9606.ENSP00000321345	9606.ENSP00000400906	0	0	0	0	0	0	0	0.173	0.173
IL23R	PADI4	9606.ENSP00000321345	9606.ENSP00000364597	0	0	0	0	0	0	0	0.180	0.179
IL23R	MMP9	9606.ENSP00000321345	9606.ENSP00000361405	0	0	0	0	0	0	0	0.181	0.181
IL23R	TGFBR2	9606.ENSP00000321345	9606.ENSP00000351905	0	0	0	0	0	0	0	0.194	0.194
IL23R	ITLN1	9606.ENSP00000321345	9606.ENSP00000323587	0	0	0	0	0	0	0	0.197	0.197
IL23R	TGFBR1	9606.ENSP00000321345	9606.ENSP00000364133	0	0	0	0	0	0	0	0.217	0.217
IL23R	ITGA4	9606.ENSP00000321345	9606.ENSP00000380227	0	0	0	0	0	0	0	0.228	0.228
IL23R	ZPBP2	9606.ENSP00000321345	9606.ENSP00000335384	0	0	0	0	0	0	0	0.235	0.235
IL23R	TCF7	9606.ENSP00000321345	9606.ENSP00000340347	0	0	0	0	0	0	0	0.240	0.239
IL23R	TRAF1	9606.ENSP00000321345	9606.ENSP00000362994	0	0	0	0	0.052	0	0	0.234	0.242
IL23R	TAGAP	9606.ENSP00000321345	9606.ENSP00000356033	0	0	0	0	0	0	0	0.262	0.262
IL23R	IRF5	9606.ENSP00000321345	9606.ENSP00000349770	0	0	0	0	0	0	0	0.400	0.400
IL23R	ORMDL3	9606.ENSP00000321345	9606.ENSP00000377724	0	0	0	0	0	0	0	0.401	0.401
IL23R	PTPRC	9606.ENSP00000321345	9606.ENSP00000411355	0	0	0	0	0.062	0	0	0.406	0.419
IL23R	KIF21B	9606.ENSP00000321345	9606.ENSP00000411831	0	0	0	0	0	0	0	0.456	0.456
IL23R	LACC1	9606.ENSP00000321345	9606.ENSP00000391747	0	0	0	0	0	0	0	0.460	0.459
IL23R	ITGAX	9606.ENSP00000321345	9606.ENSP00000454623	0	0	0	0	0.049	0	0	0.456	0.460
IL23R	IL2RA	9606.ENSP00000321345	9606.ENSP00000369293	0	0	0	0	0.062	0	0	0.505	0.516
IL23R	NKX2-3	9606.ENSP00000321345	9606.ENSP00000342828	0	0	0	0	0	0	0	0.560	0.560
IL23R	PTPN22	9606.ENSP00000321345	9606.ENSP00000352833	0	0	0	0	0.062	0	0	0.595	0.603
IL23R	TNFSF15	9606.ENSP00000321345	9606.ENSP00000363157	0	0	0	0	0	0	0	0.653	0.653
IL23R	IRGM	9606.ENSP00000321345	9606.ENSP00000428220	0	0	0	0	0	0	0	0.681	0.681
IL23R	TSLP	9606.ENSP00000321345	9606.ENSP00000339804	0	0	0	0	0	0	0.600	0.370	0.737
IL23R	MUC1	9606.ENSP00000321345	9606.ENSP00000484824	0	0	0	0	0	0	0.900	0.107	0.906
IL23R	JAK2	9606.ENSP00000321345	9606.ENSP00000371067	0	0	0	0	0	0.213	0.900	0.959	0.996
IL2RA	IL2RB	9606.ENSP00000369293	9606.ENSP00000216223	0	0	0	0	0.089	0.463	0.900	0.986	0.999
IL2RA	PIK3R2	9606.ENSP00000369293	9606.ENSP00000222254	0	0	0	0	0	0	0.500	0.067	0.513
IL2RA	IL4	9606.ENSP00000369293	9606.ENSP00000231449	0	0	0	0	0.064	0	0.600	0.753	0.899
IL2RA	IRF1	9606.ENSP00000369293	9606.ENSP00000245414	0	0	0	0	0.088	0	0	0.310	0.343
IL2RA	LIF	9606.ENSP00000369293	9606.ENSP00000249075	0	0	0	0	0	0	0.600	0.150	0.645
IL2RA	KIAA1109	9606.ENSP00000369293	9606.ENSP00000264501	0	0	0	0	0	0	0	0.261	0.261
IL2RA	STAT3	9606.ENSP00000369293	9606.ENSP00000264657	0	0	0	0	0	0.213	0.900	0.627	0.968
IL2RA	PRDX5	9606.ENSP00000369293	9606.ENSP00000265462	0	0	0	0	0	0	0	0.327	0.327
IL2RA	IRF8	9606.ENSP00000369293	9606.ENSP00000268638	0	0	0	0	0.140	0	0	0.391	0.453
IL2RA	SAMSN1	9606.ENSP00000369293	9606.ENSP00000285670	0	0	0	0	0.135	0	0	0.067	0.158
IL2RA	RETNLB	9606.ENSP00000369293	9606.ENSP00000295755	0	0	0	0	0	0	0	0.262	0.262
IL2RA	TRAT1	9606.ENSP00000369293	9606.ENSP00000295756	0	0	0	0	0.098	0	0	0.125	0.177
IL2RA	PPBP	9606.ENSP00000369293	9606.ENSP00000296028	0	0	0	0	0.066	0	0	0.150	0.172
IL2RA	STAT6	9606.ENSP00000369293	9606.ENSP00000300134	0	0	0	0	0	0	0	0.455	0.455
IL2RA	NOD2	9606.ENSP00000369293	9606.ENSP00000300589	0	0	0	0	0.099	0	0	0.261	0.305
IL2RA	PRKCB	9606.ENSP00000369293	9606.ENSP00000305355	0	0	0	0	0	0	0	0.157	0.157
IL2RA	IL7R	9606.ENSP00000369293	9606.ENSP00000306157	0	0	0	0	0.082	0	0	0.728	0.739
IL2RA	TNIP1	9606.ENSP00000369293	9606.ENSP00000317891	0	0	0	0	0	0	0	0.161	0.161
IL2RA	MALT1	9606.ENSP00000369293	9606.ENSP00000319279	0	0	0	0	0	0	0	0.261	0.261
IL2RA	TSLP	9606.ENSP00000369293	9606.ENSP00000339804	0	0	0	0	0	0	0.600	0.455	0.772
IL2RA	TCF7	9606.ENSP00000369293	9606.ENSP00000340347	0	0	0	0	0.062	0	0	0.429	0.441
IL2RA	TNFRSF14	9606.ENSP00000369293	9606.ENSP00000347948	0	0	0	0	0.079	0	0	0.297	0.325
IL2RA	SPRED2	9606.ENSP00000369293	9606.ENSP00000348753	0	0	0	0	0	0	0	0.260	0.260
IL2RA	IRF5	9606.ENSP00000369293	9606.ENSP00000349770	0	0	0	0	0.076	0	0	0.360	0.383
IL2RA	TGFBR2	9606.ENSP00000369293	9606.ENSP00000351905	0	0	0	0	0	0	0	0.257	0.256
IL2RA	PTPN22	9606.ENSP00000369293	9606.ENSP00000352833	0	0	0	0	0.107	0	0	0.708	0.728
IL2RA	TAGAP	9606.ENSP00000369293	9606.ENSP00000356033	0	0	0	0	0.105	0	0	0.393	0.433
IL2RA	RGS1	9606.ENSP00000369293	9606.ENSP00000356429	0	0	0	0	0.115	0	0	0.326	0.378
IL2RA	MMP9	9606.ENSP00000369293	9606.ENSP00000361405	0	0	0	0	0.065	0	0	0.240	0.259
IL2RA	PLAU	9606.ENSP00000369293	9606.ENSP00000361850	0	0	0	0	0	0	0	0.308	0.308
IL2RA	TRAF1	9606.ENSP00000369293	9606.ENSP00000362994	0	0	0	0	0.088	0	0	0.391	0.420
IL2RA	TNFSF15	9606.ENSP00000369293	9606.ENSP00000363157	0	0	0	0	0	0	0	0.240	0.240
IL2RA	PADI4	9606.ENSP00000369293	9606.ENSP00000364597	0	0	0	0	0.060	0	0	0.194	0.209
IL2RA	SYK	9606.ENSP00000369293	9606.ENSP00000364907	0	0	0	0	0.079	0	0.900	0.685	0.968
IL2RA	MUC1	9606.ENSP00000369293	9606.ENSP00000484824	0	0	0	0	0	0	0	0.155	0.154
IL2RA	IRGM	9606.ENSP00000369293	9606.ENSP00000428220	0	0	0	0	0	0	0	0.156	0.155
IL2RA	IRF7	9606.ENSP00000369293	9606.ENSP00000380697	0	0	0	0	0	0	0	0.167	0.167
IL2RA	SCHIP1	9606.ENSP00000369293	9606.ENSP00000404860	0	0	0	0	0	0	0	0.173	0.173
IL2RA	PVR	9606.ENSP00000369293	9606.ENSP00000402060	0	0	0	0	0	0	0	0.181	0.181
IL2RA	PMEL	9606.ENSP00000369293	9606.ENSP00000402758	0	0	0	0	0	0	0	0.220	0.220
IL2RA	ORMDL3	9606.ENSP00000369293	9606.ENSP00000377724	0	0	0	0	0	0	0	0.241	0.240
IL2RA	KIF21B	9606.ENSP00000369293	9606.ENSP00000411831	0	0	0	0	0	0	0	0.261	0.261
IL2RA	TNFSF14	9606.ENSP00000369293	9606.ENSP00000469049	0	0	0	0	0.089	0	0	0.242	0.279
IL2RA	ITGA4	9606.ENSP00000369293	9606.ENSP00000380227	0	0	0	0	0.062	0	0	0.335	0.349
IL2RA	ITK	9606.ENSP00000369293	9606.ENSP00000398655	0	0	0	0	0.078	0	0	0.325	0.351
IL2RA	RBM17	9606.ENSP00000369293	9606.ENSP00000388638	0	0	0	0	0	0	0	0.457	0.457
IL2RA	ITGAX	9606.ENSP00000369293	9606.ENSP00000454623	0	0	0	0	0.098	0	0	0.600	0.624
IL2RA	PTPRC	9606.ENSP00000369293	9606.ENSP00000411355	0	0	0	0	0.145	0	0	0.722	0.752
IL2RA	JAK2	9606.ENSP00000369293	9606.ENSP00000371067	0	0	0	0	0	0	0.800	0.391	0.872
IL2RB	MMP9	9606.ENSP00000216223	9606.ENSP00000361405	0	0	0	0	0.076	0	0	0.120	0.152
IL2RB	SP110	9606.ENSP00000216223	9606.ENSP00000258381	0	0	0	0	0.076	0	0	0.127	0.158
IL2RB	SLC22A5	9606.ENSP00000216223	9606.ENSP00000245407	0	0	0	0	0.062	0	0	0.143	0.161
IL2RB	SP140	9606.ENSP00000216223	9606.ENSP00000375899	0	0	0	0	0.164	0	0	0	0.163
IL2RB	IRF7	9606.ENSP00000216223	9606.ENSP00000380697	0	0	0	0	0.100	0	0	0.113	0.168
IL2RB	PADI4	9606.ENSP00000216223	9606.ENSP00000364597	0	0	0	0	0	0	0	0.188	0.188
IL2RB	TGFBR2	9606.ENSP00000216223	9606.ENSP00000351905	0	0	0	0	0	0	0	0.193	0.193
IL2RB	NOD2	9606.ENSP00000216223	9606.ENSP00000300589	0	0	0	0	0.163	0	0	0.100	0.214
IL2RB	WDR36	9606.ENSP00000216223	9606.ENSP00000423067	0	0	0	0	0	0	0	0.215	0.215
IL2RB	RASAL3	9606.ENSP00000216223	9606.ENSP00000341905	0	0	0	0	0.231	0	0	0	0.231
IL2RB	SPRED2	9606.ENSP00000216223	9606.ENSP00000348753	0	0	0	0	0	0	0	0.245	0.245
IL2RB	PVR	9606.ENSP00000216223	9606.ENSP00000402060	0	0	0	0	0	0	0	0.248	0.248
IL2RB	ZPBP2	9606.ENSP00000216223	9606.ENSP00000335384	0	0	0	0	0	0	0	0.272	0.272
IL2RB	STAT6	9606.ENSP00000216223	9606.ENSP00000300134	0	0	0	0	0.076	0	0	0.247	0.274
IL2RB	IRF1	9606.ENSP00000216223	9606.ENSP00000245414	0	0	0	0	0.118	0	0	0.216	0.279
IL2RB	TRAT1	9606.ENSP00000216223	9606.ENSP00000295756	0	0	0	0	0.202	0	0	0.135	0.280
IL2RB	IRF8	9606.ENSP00000216223	9606.ENSP00000268638	0	0	0	0	0.173	0	0	0.172	0.286
IL2RB	TNFRSF14	9606.ENSP00000216223	9606.ENSP00000347948	0	0	0	0	0.108	0	0	0.235	0.288
IL2RB	RGS1	9606.ENSP00000216223	9606.ENSP00000356429	0	0	0	0	0.195	0	0	0.167	0.301
IL2RB	PMEL	9606.ENSP00000216223	9606.ENSP00000402758	0	0	0	0	0	0	0	0.304	0.304
IL2RB	RETNLB	9606.ENSP00000216223	9606.ENSP00000295755	0	0	0	0	0	0	0	0.322	0.321
IL2RB	KAT2A	9606.ENSP00000216223	9606.ENSP00000225916	0	0	0	0	0	0	0	0.356	0.356
IL2RB	IRF5	9606.ENSP00000216223	9606.ENSP00000349770	0	0	0	0	0.076	0	0	0.332	0.357
IL2RB	TAGAP	9606.ENSP00000216223	9606.ENSP00000356033	0	0	0	0	0.275	0	0	0.165	0.369
IL2RB	TRAF1	9606.ENSP00000216223	9606.ENSP00000362994	0	0	0	0	0.151	0	0	0.324	0.402
IL2RB	TCF7	9606.ENSP00000216223	9606.ENSP00000340347	0	0	0	0	0.096	0	0	0.369	0.405
IL2RB	ITGA4	9606.ENSP00000216223	9606.ENSP00000380227	0	0	0	0	0.092	0	0	0.405	0.436
IL2RB	ORMDL3	9606.ENSP00000216223	9606.ENSP00000377724	0	0	0	0	0	0	0	0.492	0.491
IL2RB	PIK3R2	9606.ENSP00000216223	9606.ENSP00000222254	0	0	0	0	0	0	0.500	0	0.499
IL2RB	THEMIS	9606.ENSP00000216223	9606.ENSP00000357231	0	0	0	0	0.102	0	0	0.489	0.521
IL2RB	ITGAX	9606.ENSP00000216223	9606.ENSP00000454623	0	0	0	0	0.115	0	0	0.563	0.596
IL2RB	LIF	9606.ENSP00000216223	9606.ENSP00000249075	0	0	0	0	0	0	0.600	0.090	0.620
IL2RB	PTPN22	9606.ENSP00000216223	9606.ENSP00000352833	0	0	0	0	0.548	0	0	0.419	0.726
IL2RB	TSLP	9606.ENSP00000216223	9606.ENSP00000339804	0	0	0	0	0	0	0.600	0.370	0.737
IL2RB	PTPRC	9606.ENSP00000216223	9606.ENSP00000411355	0	0	0	0	0.355	0	0	0.642	0.760
IL2RB	ITK	9606.ENSP00000216223	9606.ENSP00000398655	0	0	0	0	0.626	0	0	0.474	0.795
IL2RB	IL4	9606.ENSP00000216223	9606.ENSP00000231449	0	0	0	0	0.063	0	0.600	0.630	0.849
IL2RB	JAK2	9606.ENSP00000216223	9606.ENSP00000371067	0	0	0	0	0.062	0.270	0.800	0.358	0.900
IL2RB	IL7R	9606.ENSP00000216223	9606.ENSP00000306157	0	0	0	0	0.535	0	0	0.805	0.905
IL2RB	PRKCB	9606.ENSP00000216223	9606.ENSP00000305355	0	0	0	0	0.067	0	0.900	0.207	0.919
IL2RB	SYK	9606.ENSP00000216223	9606.ENSP00000364907	0	0	0	0	0.205	0.213	0.900	0.188	0.942
IL2RB	STAT3	9606.ENSP00000216223	9606.ENSP00000264657	0	0	0	0	0.060	0.270	0.900	0.654	0.973
IL4	KEAP1	9606.ENSP00000231449	9606.ENSP00000171111	0	0	0	0	0	0	0	0.235	0.235
IL4	SLC22A4	9606.ENSP00000231449	9606.ENSP00000200652	0	0	0	0	0.059	0	0	0.199	0.214
IL4	PIK3R2	9606.ENSP00000231449	9606.ENSP00000222254	0	0	0	0	0	0	0	0.326	0.325
IL4	RPS6KB1	9606.ENSP00000231449	9606.ENSP00000225577	0	0	0	0	0	0.067	0	0.428	0.443
IL4	TRAT1	9606.ENSP00000231449	9606.ENSP00000295756	0	0	0	0	0.065	0	0	0.134	0.155
IL4	TOM1	9606.ENSP00000231449	9606.ENSP00000413697	0	0	0	0	0	0	0	0.161	0.161
IL4	SESN3	9606.ENSP00000231449	9606.ENSP00000441927	0	0	0	0	0	0	0	0.189	0.189
IL4	PADI4	9606.ENSP00000231449	9606.ENSP00000364597	0	0	0	0	0	0	0	0.192	0.192
IL4	TNFRSF11A	9606.ENSP00000231449	9606.ENSP00000465500	0	0	0	0	0	0	0	0.194	0.194
IL4	PRKCB	9606.ENSP00000231449	9606.ENSP00000305355	0	0	0	0	0	0	0	0.202	0.202
IL4	SLC22A5	9606.ENSP00000231449	9606.ENSP00000245407	0	0	0	0	0.059	0	0	0.188	0.203
IL4	NDFIP1	9606.ENSP00000231449	9606.ENSP00000253814	0	0	0	0	0	0	0	0.208	0.208
IL4	MALT1	9606.ENSP00000231449	9606.ENSP00000319279	0	0	0	0	0	0	0	0.231	0.230
IL4	TNIP1	9606.ENSP00000231449	9606.ENSP00000317891	0	0	0	0	0	0	0	0.247	0.246
IL4	PVR	9606.ENSP00000231449	9606.ENSP00000402060	0	0	0	0	0	0	0	0.251	0.250
IL4	TCF7	9606.ENSP00000231449	9606.ENSP00000340347	0	0	0	0	0	0	0	0.250	0.250
IL4	ITLN1	9606.ENSP00000231449	9606.ENSP00000323587	0	0	0	0	0	0	0	0.253	0.253
IL4	TNFSF14	9606.ENSP00000231449	9606.ENSP00000469049	0	0	0	0	0	0	0	0.261	0.261
IL4	NOX4	9606.ENSP00000231449	9606.ENSP00000263317	0	0	0	0	0	0	0	0.262	0.262
IL4	TICAM1	9606.ENSP00000231449	9606.ENSP00000248244	0	0	0	0	0	0	0	0.266	0.266
IL4	PLAU	9606.ENSP00000231449	9606.ENSP00000361850	0	0	0	0	0	0	0	0.267	0.267
IL4	TH	9606.ENSP00000231449	9606.ENSP00000370571	0	0	0	0	0	0	0	0.277	0.277
IL4	TRAF1	9606.ENSP00000231449	9606.ENSP00000362994	0	0	0	0	0	0	0	0.284	0.284
IL4	LRP1	9606.ENSP00000231449	9606.ENSP00000243077	0	0	0	0	0	0	0	0.288	0.288
IL4	TGFBR1	9606.ENSP00000231449	9606.ENSP00000364133	0	0	0	0	0.062	0	0	0.282	0.297
IL4	PRELID1	9606.ENSP00000231449	9606.ENSP00000302114	0	0	0	0	0	0	0	0.308	0.307
IL4	IRGM	9606.ENSP00000231449	9606.ENSP00000428220	0	0	0	0	0	0	0	0.320	0.319
IL4	SAMSN1	9606.ENSP00000231449	9606.ENSP00000285670	0	0	0	0	0	0	0	0.325	0.325
IL4	PTPN22	9606.ENSP00000231449	9606.ENSP00000352833	0	0	0	0	0	0	0	0.340	0.340
IL4	ZFP36L1	9606.ENSP00000231449	9606.ENSP00000388402	0	0	0	0	0	0	0	0.350	0.349
IL4	TNFRSF14	9606.ENSP00000231449	9606.ENSP00000347948	0	0	0	0	0	0	0	0.358	0.358
IL4	ORMDL3	9606.ENSP00000231449	9606.ENSP00000377724	0	0	0	0	0	0	0	0.369	0.369
IL4	TGFBR2	9606.ENSP00000231449	9606.ENSP00000351905	0	0	0	0	0	0	0	0.391	0.390
IL4	TNFSF15	9606.ENSP00000231449	9606.ENSP00000363157	0	0	0	0	0	0	0	0.391	0.390
IL4	MUC1	9606.ENSP00000231449	9606.ENSP00000484824	0	0	0	0	0	0	0	0.415	0.414
IL4	PF4	9606.ENSP00000231449	9606.ENSP00000296029	0	0	0	0	0	0	0	0.422	0.422
IL4	IRF7	9606.ENSP00000231449	9606.ENSP00000380697	0	0	0	0	0	0	0	0.451	0.451
IL4	PMEL	9606.ENSP00000231449	9606.ENSP00000402758	0	0	0	0	0	0	0	0.459	0.459
IL4	ITK	9606.ENSP00000231449	9606.ENSP00000398655	0	0	0	0	0	0	0	0.471	0.471
IL4	IRF5	9606.ENSP00000231449	9606.ENSP00000349770	0	0	0	0	0	0	0	0.479	0.479
IL4	IRF8	9606.ENSP00000231449	9606.ENSP00000268638	0	0	0	0	0	0	0	0.503	0.503
IL4	NOD2	9606.ENSP00000231449	9606.ENSP00000300589	0	0	0	0	0	0	0	0.509	0.509
IL4	LIF	9606.ENSP00000231449	9606.ENSP00000249075	0	0	0	0	0.064	0	0	0.504	0.515
IL4	IRF1	9606.ENSP00000231449	9606.ENSP00000245414	0	0	0	0	0	0	0	0.556	0.556
IL4	SYK	9606.ENSP00000231449	9606.ENSP00000364907	0	0	0	0	0.063	0	0	0.572	0.582
IL4	PPBP	9606.ENSP00000231449	9606.ENSP00000296028	0	0	0	0	0	0	0	0.596	0.596
IL4	ITGA4	9606.ENSP00000231449	9606.ENSP00000380227	0	0	0	0	0.062	0	0	0.592	0.601
IL4	MMP9	9606.ENSP00000231449	9606.ENSP00000361405	0	0	0	0	0.063	0	0	0.659	0.667
IL4	OSMR	9606.ENSP00000231449	9606.ENSP00000274276	0	0	0	0	0	0	0.600	0.245	0.685
IL4	RETNLB	9606.ENSP00000231449	9606.ENSP00000295755	0	0	0	0	0	0	0	0.687	0.687
IL4	PTPRC	9606.ENSP00000231449	9606.ENSP00000411355	0	0	0	0	0	0	0	0.782	0.782
IL4	ITGAX	9606.ENSP00000231449	9606.ENSP00000454623	0	0	0	0	0	0	0	0.818	0.818
IL4	TSLP	9606.ENSP00000231449	9606.ENSP00000339804	0	0	0	0	0	0	0	0.858	0.858
IL4	IL7R	9606.ENSP00000231449	9606.ENSP00000306157	0	0	0	0	0	0	0.600	0.681	0.866
IL4	STAT3	9606.ENSP00000231449	9606.ENSP00000264657	0	0	0	0	0	0	0.600	0.736	0.890
IL4	JAK2	9606.ENSP00000231449	9606.ENSP00000371067	0	0	0	0	0	0	0.900	0.566	0.954
IL4	STAT6	9606.ENSP00000231449	9606.ENSP00000300134	0	0	0	0	0.062	0	0.900	0.916	0.991
IL7R	PIK3R2	9606.ENSP00000306157	9606.ENSP00000222254	0	0	0	0	0	0	0.600	0.073	0.613
IL7R	RPS6KB1	9606.ENSP00000306157	9606.ENSP00000225577	0	0	0	0	0	0	0	0.194	0.194
IL7R	IRF1	9606.ENSP00000306157	9606.ENSP00000245414	0	0	0	0	0.138	0	0	0.286	0.358
IL7R	LIF	9606.ENSP00000306157	9606.ENSP00000249075	0	0	0	0	0	0	0.600	0.113	0.630
IL7R	STAT3	9606.ENSP00000306157	9606.ENSP00000264657	0	0	0	0	0	0.213	0.600	0.624	0.871
IL7R	IRF8	9606.ENSP00000306157	9606.ENSP00000268638	0	0	0	0	0.095	0	0	0.460	0.490
IL7R	OSMR	9606.ENSP00000306157	9606.ENSP00000274276	0	0	0	0	0.062	0	0	0.166	0.184
IL7R	RETNLB	9606.ENSP00000306157	9606.ENSP00000295755	0	0	0	0	0	0	0	0.321	0.321
IL7R	TRAT1	9606.ENSP00000306157	9606.ENSP00000295756	0	0	0	0	0.190	0	0	0.267	0.382
IL7R	PPBP	9606.ENSP00000306157	9606.ENSP00000296028	0	0	0	0	0.098	0	0	0.358	0.396
IL7R	PF4	9606.ENSP00000306157	9606.ENSP00000296029	0	0	0	0	0.082	0	0	0.147	0.183
IL7R	STAT6	9606.ENSP00000306157	9606.ENSP00000300134	0	0	0	0	0.083	0	0	0.400	0.426
IL7R	NOD2	9606.ENSP00000306157	9606.ENSP00000300589	0	0	0	0	0.105	0	0	0.232	0.283
IL7R	PRKCB	9606.ENSP00000306157	9606.ENSP00000305355	0	0	0	0	0	0	0	0.166	0.166
IL7R	IRGM	9606.ENSP00000306157	9606.ENSP00000428220	0	0	0	0	0	0	0	0.161	0.161
IL7R	SP140	9606.ENSP00000306157	9606.ENSP00000375899	0	0	0	0	0.137	0	0	0.074	0.166
IL7R	MALT1	9606.ENSP00000306157	9606.ENSP00000319279	0	0	0	0	0	0	0	0.166	0.166
IL7R	TGFBR1	9606.ENSP00000306157	9606.ENSP00000364133	0	0	0	0	0.049	0.056	0	0.150	0.170
IL7R	PVR	9606.ENSP00000306157	9606.ENSP00000402060	0	0	0	0	0	0	0	0.181	0.181
IL7R	KIF21B	9606.ENSP00000306157	9606.ENSP00000411831	0	0	0	0	0	0	0	0.192	0.192
IL7R	MMP9	9606.ENSP00000306157	9606.ENSP00000361405	0	0	0	0	0.070	0	0	0.203	0.227
IL7R	TNFRSF11A	9606.ENSP00000306157	9606.ENSP00000465500	0	0	0	0	0.062	0	0	0.214	0.232
IL7R	TAGAP	9606.ENSP00000306157	9606.ENSP00000356033	0	0	0	0	0.153	0	0	0.146	0.246
IL7R	IRF7	9606.ENSP00000306157	9606.ENSP00000380697	0	0	0	0	0.073	0	0	0.230	0.256
IL7R	TNFSF14	9606.ENSP00000306157	9606.ENSP00000469049	0	0	0	0	0.096	0	0	0.218	0.263
IL7R	TRAF1	9606.ENSP00000306157	9606.ENSP00000362994	0	0	0	0	0.120	0	0	0.217	0.281
IL7R	IRF5	9606.ENSP00000306157	9606.ENSP00000349770	0	0	0	0	0.064	0	0	0.279	0.296
IL7R	TGFBR2	9606.ENSP00000306157	9606.ENSP00000351905	0	0	0	0	0.077	0.056	0	0.291	0.328
IL7R	TNFSF15	9606.ENSP00000306157	9606.ENSP00000363157	0	0	0	0	0.081	0	0	0.325	0.353
IL7R	TNFRSF14	9606.ENSP00000306157	9606.ENSP00000347948	0	0	0	0	0.076	0	0	0.334	0.358
IL7R	PMEL	9606.ENSP00000306157	9606.ENSP00000402758	0	0	0	0	0.062	0	0	0.359	0.373
IL7R	SYK	9606.ENSP00000306157	9606.ENSP00000364907	0	0	0	0	0.145	0.056	0	0.309	0.393
IL7R	RGS1	9606.ENSP00000306157	9606.ENSP00000356429	0	0	0	0	0.172	0	0	0.310	0.404
IL7R	ITGA4	9606.ENSP00000306157	9606.ENSP00000380227	0	0	0	0	0.112	0	0	0.553	0.586
IL7R	TCF7	9606.ENSP00000306157	9606.ENSP00000340347	0	0	0	0	0.077	0	0	0.574	0.590
IL7R	PTPN22	9606.ENSP00000306157	9606.ENSP00000352833	0	0	0	0	0.533	0	0	0.294	0.656
IL7R	ITGAX	9606.ENSP00000306157	9606.ENSP00000454623	0	0	0	0	0.174	0	0	0.712	0.752
IL7R	ITK	9606.ENSP00000306157	9606.ENSP00000398655	0	0	0	0	0.628	0.056	0	0.380	0.763
IL7R	PTPRC	9606.ENSP00000306157	9606.ENSP00000411355	0	0	0	0	0.270	0	0	0.818	0.861
IL7R	JAK2	9606.ENSP00000306157	9606.ENSP00000371067	0	0	0	0	0.049	0.059	0.800	0.594	0.917
IL7R	TSLP	9606.ENSP00000306157	9606.ENSP00000339804	0	0	0	0	0	0.925	0.800	0.989	0.999
INPP5E	PIK3R2	9606.ENSP00000360777	9606.ENSP00000222254	0	0	0	0	0	0	0.650	0.054	0.654
INPP5E	KIAA1109	9606.ENSP00000360777	9606.ENSP00000264501	0	0	0	0	0.066	0	0	0.194	0.215
INPP5E	TOM1	9606.ENSP00000360777	9606.ENSP00000413697	0	0	0	0	0	0.157	0	0	0.156
INPP5E	SSTR3	9606.ENSP00000360777	9606.ENSP00000480971	0	0	0	0	0	0	0	0.288	0.288
INPP5E	PLAU	9606.ENSP00000360777	9606.ENSP00000361850	0	0	0	0	0	0	0	0.306	0.306
IRF1	KEAP1	9606.ENSP00000245414	9606.ENSP00000171111	0	0	0	0	0	0.157	0	0.113	0.220
IRF1	SLC22A4	9606.ENSP00000245414	9606.ENSP00000200652	0	0	0	0	0	0	0	0.325	0.325
IRF1	KAT2A	9606.ENSP00000245414	9606.ENSP00000225916	0	0	0	0	0	0.270	0	0.220	0.406
IRF1	SLC22A5	9606.ENSP00000245414	9606.ENSP00000245407	0	0	0	0	0	0	0	0.414	0.414
IRF1	SESN3	9606.ENSP00000245414	9606.ENSP00000441927	0	0	0	0	0	0	0	0.151	0.151
IRF1	LIF	9606.ENSP00000245414	9606.ENSP00000249075	0	0	0	0	0	0	0	0.156	0.155
IRF1	PPBP	9606.ENSP00000245414	9606.ENSP00000296028	0	0	0	0	0.101	0	0	0.104	0.160
IRF1	PMEL	9606.ENSP00000245414	9606.ENSP00000402758	0	0	0	0	0	0	0	0.161	0.161
IRF1	UBE2L3	9606.ENSP00000245414	9606.ENSP00000400906	0	0	0	0	0	0.076	0	0.136	0.167
IRF1	RGS1	9606.ENSP00000245414	9606.ENSP00000356429	0	0	0	0	0.076	0	0	0.143	0.175
IRF1	UBE2E2	9606.ENSP00000245414	9606.ENSP00000379931	0	0	0	0	0	0.076	0	0.144	0.175
IRF1	PF4	9606.ENSP00000245414	9606.ENSP00000296029	0	0	0	0	0.087	0	0	0.134	0.175
IRF1	TNFSF14	9606.ENSP00000245414	9606.ENSP00000469049	0	0	0	0	0.108	0	0	0.122	0.183
IRF1	TGFBR2	9606.ENSP00000245414	9606.ENSP00000351905	0	0	0	0	0.062	0.056	0	0.152	0.184
IRF1	TCF7	9606.ENSP00000245414	9606.ENSP00000340347	0	0	0	0	0.069	0	0	0.164	0.188
IRF1	TNFRSF14	9606.ENSP00000245414	9606.ENSP00000347948	0	0	0	0	0.102	0	0	0.142	0.196
IRF1	TSLP	9606.ENSP00000245414	9606.ENSP00000339804	0	0	0	0	0	0	0	0.212	0.212
IRF1	TNFSF15	9606.ENSP00000245414	9606.ENSP00000363157	0	0	0	0	0.096	0	0	0.171	0.218
IRF1	SP110	9606.ENSP00000245414	9606.ENSP00000258381	0	0	0	0	0.182	0	0	0.107	0.238
IRF1	TAGAP	9606.ENSP00000245414	9606.ENSP00000356033	0	0	0	0	0.140	0	0	0.153	0.240
IRF1	TNIP1	9606.ENSP00000245414	9606.ENSP00000317891	0	0	0	0	0.117	0	0	0.211	0.274
IRF1	PTPN22	9606.ENSP00000245414	9606.ENSP00000352833	0	0	0	0	0.118	0	0	0.212	0.275
IRF1	PARP12	9606.ENSP00000245414	9606.ENSP00000263549	0	0	0	0	0.159	0	0	0.175	0.277
IRF1	ITK	9606.ENSP00000245414	9606.ENSP00000398655	0	0	0	0	0.117	0.056	0	0.210	0.284
IRF1	MMP9	9606.ENSP00000245414	9606.ENSP00000361405	0	0	0	0	0.098	0	0	0.283	0.325
IRF1	SYK	9606.ENSP00000245414	9606.ENSP00000364907	0	0	0	0	0.096	0.056	0	0.280	0.332
IRF1	TICAM1	9606.ENSP00000245414	9606.ENSP00000248244	0	0	0	0	0.062	0	0	0.334	0.348
IRF1	TRAF1	9606.ENSP00000245414	9606.ENSP00000362994	0	0	0	0	0.108	0	0	0.322	0.370
IRF1	TRAT1	9606.ENSP00000245414	9606.ENSP00000295756	0	0	0	0	0.089	0	0	0.338	0.371
IRF1	NOD2	9606.ENSP00000245414	9606.ENSP00000300589	0	0	0	0	0.135	0	0	0.336	0.401
IRF1	ITGAX	9606.ENSP00000245414	9606.ENSP00000454623	0	0	0	0	0.138	0	0	0.341	0.407
IRF1	P4HA2	9606.ENSP00000245414	9606.ENSP00000384999	0	0	0	0	0	0	0	0.430	0.430
IRF1	PTPRC	9606.ENSP00000245414	9606.ENSP00000411355	0	0	0	0	0.166	0	0	0.370	0.452
IRF1	IRGM	9606.ENSP00000245414	9606.ENSP00000428220	0	0	0	0	0.247	0	0	0.351	0.490
IRF1	JAK2	9606.ENSP00000245414	9606.ENSP00000371067	0	0	0	0	0.053	0.056	0	0.608	0.619
IRF1	STAT6	9606.ENSP00000245414	9606.ENSP00000300134	0	0	0	0	0.123	0.385	0	0.627	0.781
IRF1	IRF8	9606.ENSP00000245414	9606.ENSP00000268638	0	0	0	0.711	0.144	0.677	0	0.988	0.794
IRF1	SMARCE1	9606.ENSP00000245414	9606.ENSP00000323967	0	0	0	0	0	0	0.900	0.067	0.902
IRF1	STAT3	9606.ENSP00000245414	9606.ENSP00000264657	0	0	0	0	0.068	0.270	0	0.875	0.908
IRF1	IRF5	9606.ENSP00000245414	9606.ENSP00000349770	0	0	0	0.698	0.098	0	0.900	0.783	0.927
IRF1	IRF7	9606.ENSP00000245414	9606.ENSP00000380697	0	0	0	0.599	0.211	0	0.900	0.882	0.946
IRF5	SLC22A4	9606.ENSP00000349770	9606.ENSP00000200652	0	0	0	0	0	0	0	0.322	0.321
IRF5	TICAM1	9606.ENSP00000349770	9606.ENSP00000248244	0	0	0	0	0.088	0	0	0.358	0.389
IRF5	STAT3	9606.ENSP00000349770	9606.ENSP00000264657	0	0	0	0	0	0	0	0.450	0.450
IRF5	SLC15A4	9606.ENSP00000349770	9606.ENSP00000266771	0	0	0	0	0.066	0	0	0.402	0.417
IRF5	IRF8	9606.ENSP00000349770	9606.ENSP00000268638	0	0	0	0.782	0.219	0	0	0.776	0.350
IRF5	JAZF1	9606.ENSP00000349770	9606.ENSP00000283928	0	0	0	0	0	0	0	0.307	0.307
IRF5	SAMSN1	9606.ENSP00000349770	9606.ENSP00000285670	0	0	0	0	0.144	0	0	0.095	0.192
IRF5	RETNLB	9606.ENSP00000349770	9606.ENSP00000295755	0	0	0	0	0	0	0	0.394	0.394
IRF5	TRAT1	9606.ENSP00000349770	9606.ENSP00000295756	0	0	0	0	0.061	0	0	0.283	0.297
IRF5	STAT6	9606.ENSP00000349770	9606.ENSP00000300134	0	0	0	0	0.081	0	0	0.529	0.549
IRF5	NOD2	9606.ENSP00000349770	9606.ENSP00000300589	0	0	0	0	0.213	0	0	0.632	0.698
IRF5	TNIP1	9606.ENSP00000349770	9606.ENSP00000317891	0	0	0	0	0.069	0	0	0.603	0.614
IRF5	SMARCE1	9606.ENSP00000349770	9606.ENSP00000323967	0	0	0	0	0	0	0.900	0	0.900
IRF5	NRROS	9606.ENSP00000349770	9606.ENSP00000328625	0	0	0	0	0.152	0	0	0	0.152
IRF5	RPS6KA4	9606.ENSP00000349770	9606.ENSP00000333896	0	0	0	0	0.065	0	0	0.162	0.183
IRF5	RASAL3	9606.ENSP00000349770	9606.ENSP00000341905	0	0	0	0	0.152	0	0	0	0.151
IRF5	NKX2-3	9606.ENSP00000349770	9606.ENSP00000342828	0	0	0	0	0	0	0	0.235	0.235
IRF5	TNFRSF14	9606.ENSP00000349770	9606.ENSP00000347948	0	0	0	0	0.110	0	0	0.304	0.354
IRF5	SPRED2	9606.ENSP00000349770	9606.ENSP00000348753	0	0	0	0	0	0	0	0.361	0.361
IRF5	SP140	9606.ENSP00000349770	9606.ENSP00000375899	0	0	0	0	0.117	0	0	0.112	0.183
IRF5	RGS1	9606.ENSP00000349770	9606.ENSP00000356429	0	0	0	0	0.109	0	0	0.124	0.187
IRF5	PTTG1	9606.ENSP00000349770	9606.ENSP00000377536	0	0	0	0	0	0	0	0.207	0.207
IRF5	SCHIP1	9606.ENSP00000349770	9606.ENSP00000404860	0	0	0	0	0	0	0	0.217	0.217
IRF5	MMP9	9606.ENSP00000349770	9606.ENSP00000361405	0	0	0	0	0.088	0	0	0.228	0.265
IRF5	ORMDL3	9606.ENSP00000349770	9606.ENSP00000377724	0	0	0	0	0	0	0	0.276	0.276
IRF5	TAGAP	9606.ENSP00000349770	9606.ENSP00000356033	0	0	0	0	0.141	0	0	0.243	0.321
IRF5	TNFSF15	9606.ENSP00000349770	9606.ENSP00000363157	0	0	0	0	0	0	0	0.323	0.323
IRF5	JAK2	9606.ENSP00000349770	9606.ENSP00000371067	0	0	0	0	0.062	0.064	0	0.294	0.326
IRF5	IRGM	9606.ENSP00000349770	9606.ENSP00000428220	0	0	0	0	0.062	0	0	0.325	0.339
IRF5	PADI4	9606.ENSP00000349770	9606.ENSP00000364597	0	0	0	0	0.065	0	0	0.325	0.341
IRF5	SYK	9606.ENSP00000349770	9606.ENSP00000364907	0	0	0	0	0.163	0.064	0	0.300	0.404
IRF5	UBE2L3	9606.ENSP00000349770	9606.ENSP00000400906	0	0	0	0	0	0	0	0.423	0.422
IRF5	PTPRC	9606.ENSP00000349770	9606.ENSP00000411355	0	0	0	0	0.160	0	0	0.343	0.424
IRF5	TRAF1	9606.ENSP00000349770	9606.ENSP00000362994	0	0	0	0	0.098	0.059	0	0.455	0.497
IRF5	ITGAX	9606.ENSP00000349770	9606.ENSP00000454623	0	0	0	0	0.121	0	0	0.455	0.500
IRF5	PTPN22	9606.ENSP00000349770	9606.ENSP00000352833	0	0	0	0	0.107	0	0	0.685	0.706
IRF5	IRF7	9606.ENSP00000349770	9606.ENSP00000380697	0	0	0	0.678	0.117	0	0.900	0.973	0.936
IRF7	RPS6KB1	9606.ENSP00000380697	9606.ENSP00000225577	0	0	0	0	0	0	0	0.195	0.195
IRF7	KAT2A	9606.ENSP00000380697	9606.ENSP00000225916	0	0	0	0	0	0.213	0	0.123	0.280
IRF7	TICAM1	9606.ENSP00000380697	9606.ENSP00000248244	0	0	0	0	0.139	0.213	0.800	0.626	0.942
IRF7	SP110	9606.ENSP00000380697	9606.ENSP00000258381	0	0	0	0	0.606	0.057	0	0.102	0.638
IRF7	PARP12	9606.ENSP00000380697	9606.ENSP00000263549	0	0	0	0	0.593	0	0	0.187	0.655
IRF7	STAT3	9606.ENSP00000380697	9606.ENSP00000264657	0	0	0	0	0.081	0	0	0.510	0.530
IRF7	SLC15A4	9606.ENSP00000380697	9606.ENSP00000266771	0	0	0	0	0.062	0	0	0.344	0.359
IRF7	IRF8	9606.ENSP00000380697	9606.ENSP00000268638	0	0	0	0.614	0.127	0	0	0.734	0.370
IRF7	SAMSN1	9606.ENSP00000380697	9606.ENSP00000285670	0	0	0	0	0.096	0	0	0.147	0.197
IRF7	TRAT1	9606.ENSP00000380697	9606.ENSP00000295756	0	0	0	0	0	0	0	0.469	0.469
IRF7	PPBP	9606.ENSP00000380697	9606.ENSP00000296028	0	0	0	0	0.087	0	0	0.146	0.188
IRF7	PF4	9606.ENSP00000380697	9606.ENSP00000296029	0	0	0	0	0.065	0	0	0.149	0.171
IRF7	STAT6	9606.ENSP00000380697	9606.ENSP00000300134	0	0	0	0	0.114	0	0	0.392	0.438
IRF7	NOD2	9606.ENSP00000380697	9606.ENSP00000300589	0	0	0	0	0.147	0	0	0.504	0.559
IRF7	TNIP1	9606.ENSP00000380697	9606.ENSP00000317891	0	0	0	0	0.098	0	0	0.335	0.374
IRF7	MALT1	9606.ENSP00000380697	9606.ENSP00000319279	0	0	0	0	0	0	0	0.166	0.165
IRF7	SMARCE1	9606.ENSP00000380697	9606.ENSP00000323967	0	0	0	0	0	0	0.900	0	0.900
IRF7	TRIM46	9606.ENSP00000380697	9606.ENSP00000334657	0	0	0	0	0.062	0.057	0	0.127	0.160
IRF7	TSLP	9606.ENSP00000380697	9606.ENSP00000339804	0	0	0	0	0	0	0	0.181	0.181
IRF7	TCF7	9606.ENSP00000380697	9606.ENSP00000340347	0	0	0	0	0	0	0	0.167	0.167
IRF7	TNFRSF14	9606.ENSP00000380697	9606.ENSP00000347948	0	0	0	0	0.154	0	0	0.154	0.254
IRF7	PTPN22	9606.ENSP00000380697	9606.ENSP00000352833	0	0	0	0	0.069	0	0	0.294	0.314
IRF7	MMP9	9606.ENSP00000380697	9606.ENSP00000361405	0	0	0	0	0.103	0	0	0.235	0.284
IRF7	TRAF1	9606.ENSP00000380697	9606.ENSP00000362994	0	0	0	0	0.136	0.060	0	0.342	0.418
IRF7	SYK	9606.ENSP00000380697	9606.ENSP00000364907	0	0	0	0	0.098	0.056	0	0.340	0.389
IRF7	JAK2	9606.ENSP00000380697	9606.ENSP00000371067	0	0	0	0	0.062	0.056	0	0.372	0.396
IRF7	SP140	9606.ENSP00000380697	9606.ENSP00000375899	0	0	0	0	0.177	0.057	0	0.088	0.231
IRF7	UBE2L3	9606.ENSP00000380697	9606.ENSP00000400906	0	0	0	0	0.107	0	0	0.233	0.285
IRF7	PTPRC	9606.ENSP00000380697	9606.ENSP00000411355	0	0	0	0	0.097	0	0	0.423	0.457
IRF7	IRGM	9606.ENSP00000380697	9606.ENSP00000428220	0	0	0	0	0.234	0	0	0.370	0.496
IRF7	ITGAX	9606.ENSP00000380697	9606.ENSP00000454623	0	0	0	0	0.091	0	0	0.507	0.533
IRF8	TICAM1	9606.ENSP00000268638	9606.ENSP00000248244	0	0	0	0	0.076	0	0	0.170	0.200
IRF8	LIF	9606.ENSP00000268638	9606.ENSP00000249075	0	0	0	0	0	0	0	0.159	0.159
IRF8	SP110	9606.ENSP00000268638	9606.ENSP00000258381	0	0	0	0	0.121	0	0	0.090	0.166
IRF8	STAT3	9606.ENSP00000268638	9606.ENSP00000264657	0	0	0	0	0.062	0	0	0.525	0.535
IRF8	SLC9A3	9606.ENSP00000268638	9606.ENSP00000264938	0	0	0	0	0	0	0	0.424	0.424
IRF8	SLC15A4	9606.ENSP00000268638	9606.ENSP00000266771	0	0	0	0	0.063	0	0	0.374	0.388
IRF8	NKX2-3	9606.ENSP00000268638	9606.ENSP00000342828	0	0	0	0	0	0	0	0.152	0.152
IRF8	TGFBR1	9606.ENSP00000268638	9606.ENSP00000364133	0	0	0	0	0	0	0	0.160	0.160
IRF8	NAB2	9606.ENSP00000268638	9606.ENSP00000300131	0	0	0	0	0	0	0	0.161	0.161
IRF8	TGFBR2	9606.ENSP00000268638	9606.ENSP00000351905	0	0	0	0	0.062	0	0	0.154	0.172
IRF8	ZNF300	9606.ENSP00000268638	9606.ENSP00000397178	0	0	0	0	0	0.063	0	0.152	0.172
IRF8	JAZF1	9606.ENSP00000268638	9606.ENSP00000283928	0	0	0	0	0	0	0	0.181	0.181
IRF8	RETNLB	9606.ENSP00000268638	9606.ENSP00000295755	0	0	0	0	0	0	0	0.181	0.181
IRF8	SCHIP1	9606.ENSP00000268638	9606.ENSP00000404860	0	0	0	0	0	0	0	0.189	0.189
IRF8	PF4	9606.ENSP00000268638	9606.ENSP00000296029	0	0	0	0	0.096	0	0	0.161	0.209
IRF8	KIF21B	9606.ENSP00000268638	9606.ENSP00000411831	0	0	0	0	0.076	0	0	0.189	0.218
IRF8	UBE2L3	9606.ENSP00000268638	9606.ENSP00000400906	0	0	0	0	0	0.058	0	0.206	0.220
IRF8	NRROS	9606.ENSP00000268638	9606.ENSP00000328625	0	0	0	0	0.220	0	0	0	0.220
IRF8	TNFSF15	9606.ENSP00000268638	9606.ENSP00000363157	0	0	0	0	0.062	0	0	0.211	0.228
IRF8	TNFSF14	9606.ENSP00000268638	9606.ENSP00000469049	0	0	0	0	0.094	0	0	0.183	0.228
IRF8	IRGM	9606.ENSP00000268638	9606.ENSP00000428220	0	0	0	0	0.064	0	0	0.219	0.237
IRF8	SLC9A4	9606.ENSP00000268638	9606.ENSP00000295269	0	0	0	0	0	0	0	0.238	0.237
IRF8	TSLP	9606.ENSP00000268638	9606.ENSP00000339804	0	0	0	0	0	0	0	0.241	0.240
IRF8	PRKCB	9606.ENSP00000268638	9606.ENSP00000305355	0	0	0	0	0.143	0	0	0.156	0.245
IRF8	ITGA4	9606.ENSP00000268638	9606.ENSP00000380227	0	0	0	0	0.103	0	0	0.193	0.245
IRF8	ZFP36L1	9606.ENSP00000268638	9606.ENSP00000388402	0	0	0	0	0.062	0	0	0.234	0.250
IRF8	TCF7	9606.ENSP00000268638	9606.ENSP00000340347	0	0	0	0	0.062	0	0	0.259	0.275
IRF8	TNFRSF11A	9606.ENSP00000268638	9606.ENSP00000465500	0	0	0	0	0.062	0	0	0.262	0.278
IRF8	LACC1	9606.ENSP00000268638	9606.ENSP00000391747	0	0	0	0	0.071	0	0	0.269	0.293
IRF8	TRAF1	9606.ENSP00000268638	9606.ENSP00000362994	0	0	0	0	0.193	0	0	0.165	0.297
IRF8	SP140	9606.ENSP00000268638	9606.ENSP00000375899	0	0	0	0	0.222	0	0	0.142	0.305
IRF8	MMP9	9606.ENSP00000268638	9606.ENSP00000361405	0	0	0	0	0.140	0	0	0.249	0.326
IRF8	TNFRSF14	9606.ENSP00000268638	9606.ENSP00000347948	0	0	0	0	0.170	0	0	0.227	0.331
IRF8	SAMSN1	9606.ENSP00000268638	9606.ENSP00000285670	0	0	0	0	0.307	0	0	0.074	0.331
IRF8	TNIP1	9606.ENSP00000268638	9606.ENSP00000317891	0	0	0	0	0.067	0	0	0.320	0.338
IRF8	RASAL3	9606.ENSP00000268638	9606.ENSP00000341905	0	0	0	0	0.351	0	0	0	0.351
IRF8	PTPN22	9606.ENSP00000268638	9606.ENSP00000352833	0	0	0	0	0.157	0	0	0.279	0.366
IRF8	JAK2	9606.ENSP00000268638	9606.ENSP00000371067	0	0	0	0	0.076	0	0	0.345	0.368
IRF8	TRAT1	9606.ENSP00000268638	9606.ENSP00000295756	0	0	0	0	0.099	0	0	0.341	0.380
IRF8	NOD2	9606.ENSP00000268638	9606.ENSP00000300589	0	0	0	0	0.300	0	0	0.243	0.447
IRF8	SYK	9606.ENSP00000268638	9606.ENSP00000364907	0	0	0	0	0.240	0	0	0.322	0.462
IRF8	TAGAP	9606.ENSP00000268638	9606.ENSP00000356033	0	0	0	0	0.372	0	0	0.183	0.465
IRF8	STAT6	9606.ENSP00000268638	9606.ENSP00000300134	0	0	0	0	0.092	0	0	0.451	0.480
IRF8	RGS1	9606.ENSP00000268638	9606.ENSP00000356429	0	0	0	0	0.337	0	0	0.294	0.512
IRF8	PTPRC	9606.ENSP00000268638	9606.ENSP00000411355	0	0	0	0	0.366	0	0	0.525	0.686
IRF8	ITGAX	9606.ENSP00000268638	9606.ENSP00000454623	0	0	0	0	0.229	0	0	0.612	0.688
IRGM	SLC22A4	9606.ENSP00000428220	9606.ENSP00000200652	0	0	0	0	0	0	0	0.390	0.390
IRGM	RPS6KB1	9606.ENSP00000428220	9606.ENSP00000225577	0	0	0	0	0	0	0	0.185	0.185
IRGM	SLC22A5	9606.ENSP00000428220	9606.ENSP00000245407	0	0	0	0	0	0	0	0.401	0.400
IRGM	SP110	9606.ENSP00000428220	9606.ENSP00000258381	0	0	0	0	0.136	0	0	0.431	0.487
IRGM	PARP12	9606.ENSP00000428220	9606.ENSP00000263549	0	0	0	0	0.161	0	0	0.144	0.251
IRGM	STAT3	9606.ENSP00000428220	9606.ENSP00000264657	0	0	0	0	0.062	0	0	0.370	0.383
IRGM	TRAT1	9606.ENSP00000428220	9606.ENSP00000295756	0	0	0	0	0	0	0	0.185	0.185
IRGM	STAT6	9606.ENSP00000428220	9606.ENSP00000300134	0	0	0	0	0.062	0	0	0.181	0.198
IRGM	NOD2	9606.ENSP00000428220	9606.ENSP00000300589	0	0	0	0	0	0.270	0	0.955	0.965
IRGM	RAB24	9606.ENSP00000428220	9606.ENSP00000304376	0	0	0	0	0	0	0	0.279	0.279
IRGM	ITLN1	9606.ENSP00000428220	9606.ENSP00000323587	0	0	0	0	0	0	0	0.387	0.387
IRGM	NKX2-3	9606.ENSP00000428220	9606.ENSP00000342828	0	0	0	0	0	0	0	0.601	0.601
IRGM	TNFRSF14	9606.ENSP00000428220	9606.ENSP00000347948	0	0	0	0	0.049	0	0	0.328	0.333
IRGM	PTPN22	9606.ENSP00000428220	9606.ENSP00000352833	0	0	0	0	0	0	0	0.384	0.384
IRGM	TAGAP	9606.ENSP00000428220	9606.ENSP00000356033	0	0	0	0	0	0	0	0.387	0.386
IRGM	TNFSF15	9606.ENSP00000428220	9606.ENSP00000363157	0	0	0	0	0	0	0	0.594	0.594
IRGM	PADI4	9606.ENSP00000428220	9606.ENSP00000364597	0	0	0	0	0	0	0	0.386	0.386
IRGM	JAK2	9606.ENSP00000428220	9606.ENSP00000371067	0	0	0	0	0.062	0	0	0.325	0.339
IRGM	ORMDL3	9606.ENSP00000428220	9606.ENSP00000377724	0	0	0	0	0	0	0	0.502	0.502
IRGM	LACC1	9606.ENSP00000428220	9606.ENSP00000391747	0	0	0	0	0	0	0	0.325	0.325
IRGM	ZNF300	9606.ENSP00000428220	9606.ENSP00000397178	0	0	0	0	0	0	0	0.764	0.764
IRGM	PTPRC	9606.ENSP00000428220	9606.ENSP00000411355	0	0	0	0	0.062	0	0	0.143	0.161
IRGM	ITGAX	9606.ENSP00000428220	9606.ENSP00000454623	0	0	0	0	0.052	0	0	0.209	0.218
IRGM	SSTR3	9606.ENSP00000428220	9606.ENSP00000480971	0	0	0	0	0	0	0	0.304	0.304
ITGA4	LRP1	9606.ENSP00000380227	9606.ENSP00000243077	0	0	0	0	0.062	0	0	0.252	0.269
ITGA4	STAT3	9606.ENSP00000380227	9606.ENSP00000264657	0	0	0	0	0.062	0	0	0.266	0.282
ITGA4	SAMSN1	9606.ENSP00000380227	9606.ENSP00000285670	0	0	0	0	0.170	0	0	0.053	0.180
ITGA4	PPBP	9606.ENSP00000380227	9606.ENSP00000296028	0	0	0	0	0.068	0	0	0.171	0.194
ITGA4	PF4	9606.ENSP00000380227	9606.ENSP00000296029	0	0	0	0	0	0	0	0.201	0.201
ITGA4	STAT6	9606.ENSP00000380227	9606.ENSP00000300134	0	0	0	0	0.089	0	0	0.160	0.202
ITGA4	PRKCB	9606.ENSP00000380227	9606.ENSP00000305355	0	0	0	0	0.118	0.104	0	0.106	0.233
ITGA4	NRROS	9606.ENSP00000380227	9606.ENSP00000328625	0	0	0	0	0.153	0.059	0	0.043	0.170
ITGA4	TCF7	9606.ENSP00000380227	9606.ENSP00000340347	0	0	0	0	0.085	0	0	0.168	0.207
ITGA4	RASAL3	9606.ENSP00000380227	9606.ENSP00000341905	0	0	0	0	0.187	0	0	0	0.187
ITGA4	TNFRSF14	9606.ENSP00000380227	9606.ENSP00000347948	0	0	0	0	0.098	0	0	0.124	0.176
ITGA4	TGFBR2	9606.ENSP00000380227	9606.ENSP00000351905	0	0	0	0	0.077	0.075	0	0.179	0.238
ITGA4	PTPN22	9606.ENSP00000380227	9606.ENSP00000352833	0	0	0	0	0.126	0.098	0	0	0.178
ITGA4	TAGAP	9606.ENSP00000380227	9606.ENSP00000356033	0	0	0	0	0.152	0	0	0.193	0.287
ITGA4	RGS1	9606.ENSP00000380227	9606.ENSP00000356429	0	0	0	0	0.096	0	0	0.202	0.248
ITGA4	THBS3	9606.ENSP00000380227	9606.ENSP00000357362	0	0	0	0	0	0.078	0.600	0.187	0.674
ITGA4	MMP9	9606.ENSP00000380227	9606.ENSP00000361405	0	0	0	0	0	0	0	0.540	0.540
ITGA4	PLAU	9606.ENSP00000380227	9606.ENSP00000361850	0	0	0	0	0	0	0	0.157	0.156
ITGA4	TGFBR1	9606.ENSP00000380227	9606.ENSP00000364133	0	0	0	0	0.056	0.140	0	0.162	0.260
ITGA4	SYK	9606.ENSP00000380227	9606.ENSP00000364907	0	0	0	0	0.085	0.075	0	0.270	0.329
ITGA4	JAK2	9606.ENSP00000380227	9606.ENSP00000371067	0	0	0	0	0.076	0.075	0	0.153	0.212
ITGA4	UBE2E2	9606.ENSP00000380227	9606.ENSP00000379931	0	0	0	0	0	0	0	0.227	0.226
ITGA4	ITK	9606.ENSP00000380227	9606.ENSP00000398655	0	0	0	0	0.048	0.075	0	0.162	0.197
ITGA4	TNFRSF11A	9606.ENSP00000380227	9606.ENSP00000465500	0	0	0	0	0	0	0	0.223	0.223
ITGA4	PTPRC	9606.ENSP00000380227	9606.ENSP00000411355	0	0	0	0	0.200	0.119	0	0.692	0.764
ITGA4	ITGAX	9606.ENSP00000380227	9606.ENSP00000454623	0	0	0	0.627	0.062	0	0.720	0.609	0.786
ITGAX	RPS6KB1	9606.ENSP00000454623	9606.ENSP00000225577	0	0	0	0	0	0	0	0.165	0.165
ITGAX	LRP1	9606.ENSP00000454623	9606.ENSP00000243077	0	0	0	0	0.049	0	0	0.307	0.313
ITGAX	TICAM1	9606.ENSP00000454623	9606.ENSP00000248244	0	0	0	0	0	0	0	0.293	0.293
ITGAX	LIF	9606.ENSP00000454623	9606.ENSP00000249075	0	0	0	0	0	0	0	0.153	0.152
ITGAX	STAT3	9606.ENSP00000454623	9606.ENSP00000264657	0	0	0	0	0.062	0	0	0.569	0.579
ITGAX	SAMSN1	9606.ENSP00000454623	9606.ENSP00000285670	0	0	0	0	0.161	0	0	0.072	0.189
ITGAX	RETNLB	9606.ENSP00000454623	9606.ENSP00000295755	0	0	0	0	0	0	0	0.470	0.470
ITGAX	PPBP	9606.ENSP00000454623	9606.ENSP00000296028	0	0	0	0	0.143	0	0	0.231	0.312
ITGAX	PF4	9606.ENSP00000454623	9606.ENSP00000296029	0	0	0	0	0.107	0	0	0.214	0.269
ITGAX	STAT6	9606.ENSP00000454623	9606.ENSP00000300134	0	0	0	0	0.089	0	0	0.509	0.533
ITGAX	NOD2	9606.ENSP00000454623	9606.ENSP00000300589	0	0	0	0	0.174	0	0	0.459	0.534
ITGAX	PRKCB	9606.ENSP00000454623	9606.ENSP00000305355	0	0	0	0	0.089	0.078	0	0.112	0.189
ITGAX	TNIP1	9606.ENSP00000454623	9606.ENSP00000317891	0	0	0	0	0.060	0	0	0.276	0.290
ITGAX	TSLP	9606.ENSP00000454623	9606.ENSP00000339804	0	0	0	0	0	0	0	0.610	0.610
ITGAX	TCF7	9606.ENSP00000454623	9606.ENSP00000340347	0	0	0	0	0.062	0	0	0.211	0.228
ITGAX	RASAL3	9606.ENSP00000454623	9606.ENSP00000341905	0	0	0	0	0.203	0	0	0	0.203
ITGAX	TNFRSF14	9606.ENSP00000454623	9606.ENSP00000347948	0	0	0	0	0.100	0	0	0.342	0.382
ITGAX	TGFBR2	9606.ENSP00000454623	9606.ENSP00000351905	0	0	0	0	0.062	0.075	0	0.261	0.302
ITGAX	PTPN22	9606.ENSP00000454623	9606.ENSP00000352833	0	0	0	0	0.099	0.098	0	0.265	0.350
ITGAX	NSL1	9606.ENSP00000454623	9606.ENSP00000355944	0	0	0	0	0	0	0	0.321	0.321
ITGAX	TAGAP	9606.ENSP00000454623	9606.ENSP00000356033	0	0	0	0	0.214	0	0	0	0.214
ITGAX	RGS1	9606.ENSP00000454623	9606.ENSP00000356429	0	0	0	0	0.218	0	0	0.113	0.277
ITGAX	MMP9	9606.ENSP00000454623	9606.ENSP00000361405	0	0	0	0	0.163	0	0	0.404	0.479
ITGAX	TRAF1	9606.ENSP00000454623	9606.ENSP00000362994	0	0	0	0	0.096	0	0	0.170	0.217
ITGAX	TNFSF15	9606.ENSP00000454623	9606.ENSP00000363157	0	0	0	0	0.062	0	0	0.261	0.277
ITGAX	TGFBR1	9606.ENSP00000454623	9606.ENSP00000364133	0	0	0	0	0	0.075	0	0.155	0.184
ITGAX	PADI4	9606.ENSP00000454623	9606.ENSP00000364597	0	0	0	0	0.102	0	0	0.134	0.189
ITGAX	SYK	9606.ENSP00000454623	9606.ENSP00000364907	0	0	0	0	0.179	0.075	0	0.467	0.560
ITGAX	JAK2	9606.ENSP00000454623	9606.ENSP00000371067	0	0	0	0	0.062	0.075	0	0.304	0.343
ITGAX	ITK	9606.ENSP00000454623	9606.ENSP00000398655	0	0	0	0	0.098	0.075	0	0.181	0.256
ITGAX	PVR	9606.ENSP00000454623	9606.ENSP00000402060	0	0	0	0	0	0	0	0.294	0.294
ITGAX	PMEL	9606.ENSP00000454623	9606.ENSP00000402758	0	0	0	0	0	0	0	0.459	0.459
ITGAX	PTPRC	9606.ENSP00000454623	9606.ENSP00000411355	0	0	0	0	0.292	0.098	0	0.923	0.946
ITGAX	TNFRSF11A	9606.ENSP00000454623	9606.ENSP00000465500	0	0	0	0	0	0	0	0.171	0.171
ITGAX	MUC1	9606.ENSP00000454623	9606.ENSP00000484824	0	0	0	0	0	0	0	0.235	0.235
ITGAX	TNFSF14	9606.ENSP00000454623	9606.ENSP00000469049	0	0	0	0	0.125	0	0	0.203	0.272
ITK	PIK3R2	9606.ENSP00000398655	9606.ENSP00000222254	0	0	0	0.547	0	0.102	0.800	0.559	0.858
ITK	STAT3	9606.ENSP00000398655	9606.ENSP00000264657	0	0	0	0	0	0.140	0	0.304	0.375
ITK	MED7	9606.ENSP00000398655	9606.ENSP00000286317	0	0	0	0	0	0	0	0.152	0.152
ITK	TRAT1	9606.ENSP00000398655	9606.ENSP00000295756	0	0	0	0	0.426	0	0	0.201	0.522
ITK	SLU7	9606.ENSP00000398655	9606.ENSP00000297151	0	0	0	0	0	0	0	0.220	0.220
ITK	STAT6	9606.ENSP00000398655	9606.ENSP00000300134	0	0	0	0	0	0.140	0	0.312	0.383
ITK	PRKCB	9606.ENSP00000398655	9606.ENSP00000305355	0	0	0	0.566	0.088	0.061	0	0.305	0.213
ITK	MALT1	9606.ENSP00000398655	9606.ENSP00000319279	0.047	0	0	0	0.065	0.056	0	0.287	0.319
ITK	TCF7	9606.ENSP00000398655	9606.ENSP00000340347	0	0	0	0	0.112	0.071	0	0.229	0.309
ITK	TGFBR2	9606.ENSP00000398655	9606.ENSP00000351905	0	0	0	0	0	0	0	0.170	0.170
ITK	PTPN22	9606.ENSP00000398655	9606.ENSP00000352833	0	0	0	0	0.573	0.078	0	0.136	0.630
ITK	TAGAP	9606.ENSP00000398655	9606.ENSP00000356033	0	0	0	0	0.161	0.058	0	0.044	0.178
ITK	RGS1	9606.ENSP00000398655	9606.ENSP00000356429	0	0	0	0	0.065	0.112	0	0.193	0.271
ITK	THEMIS	9606.ENSP00000398655	9606.ENSP00000357231	0	0	0	0	0.194	0	0	0.319	0.428
ITK	TRAF1	9606.ENSP00000398655	9606.ENSP00000362994	0	0	0	0	0.079	0.099	0	0.111	0.198
ITK	TNFSF15	9606.ENSP00000398655	9606.ENSP00000363157	0	0	0	0	0	0.056	0	0.157	0.170
ITK	TGFBR1	9606.ENSP00000398655	9606.ENSP00000364133	0	0	0	0.560	0	0.184	0	0.054	0.189
ITK	SYK	9606.ENSP00000398655	9606.ENSP00000364907	0	0	0	0.665	0.203	0	0.900	0.771	0.938
ITK	JAK2	9606.ENSP00000398655	9606.ENSP00000371067	0	0	0	0.614	0.055	0	0	0.339	0.168
ITK	SP140	9606.ENSP00000398655	9606.ENSP00000375899	0	0	0	0	0.104	0.057	0	0.107	0.179
ITK	PTTG1	9606.ENSP00000398655	9606.ENSP00000377536	0	0	0	0	0	0	0	0.259	0.259
ITK	PTPRC	9606.ENSP00000398655	9606.ENSP00000411355	0	0	0	0	0.336	0.078	0	0.402	0.602
ITLN1	SLC22A4	9606.ENSP00000323587	9606.ENSP00000200652	0	0	0	0	0	0	0	0.207	0.207
ITLN1	LRP1	9606.ENSP00000323587	9606.ENSP00000243077	0	0	0	0	0	0	0	0.188	0.188
ITLN1	STAT3	9606.ENSP00000323587	9606.ENSP00000264657	0	0	0	0	0	0	0	0.211	0.211
ITLN1	RETNLB	9606.ENSP00000323587	9606.ENSP00000295755	0	0	0	0	0.214	0	0	0.314	0.438
ITLN1	NOD2	9606.ENSP00000323587	9606.ENSP00000300589	0	0	0	0	0	0	0	0.250	0.250
ITLN1	TNFSF14	9606.ENSP00000323587	9606.ENSP00000469049	0	0	0	0	0	0	0	0.158	0.157
ITLN1	LACC1	9606.ENSP00000323587	9606.ENSP00000391747	0	0	0	0	0	0	0	0.167	0.167
ITLN1	PTPN22	9606.ENSP00000323587	9606.ENSP00000352833	0	0	0	0	0	0	0	0.173	0.173
ITLN1	ORMDL3	9606.ENSP00000323587	9606.ENSP00000377724	0	0	0	0	0	0	0	0.177	0.177
ITLN1	TNFSF15	9606.ENSP00000323587	9606.ENSP00000363157	0	0	0	0	0	0	0	0.194	0.194
ITLN1	JAK2	9606.ENSP00000323587	9606.ENSP00000371067	0	0	0	0	0	0	0	0.235	0.235
ITLN1	SLC26A3	9606.ENSP00000323587	9606.ENSP00000345873	0	0	0	0	0.225	0	0	0.056	0.237
ITLN1	MYO1A	9606.ENSP00000323587	9606.ENSP00000393392	0	0	0	0	0.214	0	0	0.085	0.250
ITLN1	RGS1	9606.ENSP00000323587	9606.ENSP00000356429	0	0	0	0	0	0	0	0.267	0.267
ITLN1	NKX2-3	9606.ENSP00000323587	9606.ENSP00000342828	0	0	0	0	0.091	0	0	0.275	0.313
ITLN1	TAGAP	9606.ENSP00000323587	9606.ENSP00000356033	0	0	0	0	0.069	0	0	0.389	0.407
IZUMO1	RASIP1	9606.ENSP00000327786	9606.ENSP00000222145	0	0.005	0	0	0	0	0	0.467	0.467
IZUMO1	NDFIP1	9606.ENSP00000327786	9606.ENSP00000253814	0	0	0	0	0	0.189	0	0	0.189
IZUMO1	NTN5	9606.ENSP00000327786	9606.ENSP00000270235	0	0	0	0	0	0	0	0.159	0.159
IZUMO1	MAMSTR	9606.ENSP00000327786	9606.ENSP00000324175	0	0	0	0	0	0	0	0.217	0.217
IZUMO1	ZPBP2	9606.ENSP00000327786	9606.ENSP00000335384	0	0	0	0	0	0	0	0.167	0.167
IZUMO1	SUOX	9606.ENSP00000327786	9606.ENSP00000377668	0	0	0	0	0	0	0	0.355	0.355
IZUMO1	PLCL1	9606.ENSP00000327786	9606.ENSP00000402861	0	0	0	0	0.052	0	0	0.395	0.401
JAK2	KEAP1	9606.ENSP00000371067	9606.ENSP00000171111	0	0	0	0	0	0	0	0.204	0.204
JAK2	PIK3R2	9606.ENSP00000371067	9606.ENSP00000222254	0	0	0	0	0	0.102	0.800	0.233	0.850
JAK2	PLGRKT	9606.ENSP00000371067	9606.ENSP00000223864	0	0	0	0	0	0	0	0.184	0.183
JAK2	RPS6KB1	9606.ENSP00000371067	9606.ENSP00000225577	0	0	0	0.571	0.056	0.091	0	0.468	0.276
JAK2	KAT2A	9606.ENSP00000371067	9606.ENSP00000225916	0	0	0	0	0	0.120	0	0.099	0.173
JAK2	TICAM1	9606.ENSP00000371067	9606.ENSP00000248244	0	0	0	0	0.065	0.083	0	0.244	0.295
JAK2	LIF	9606.ENSP00000371067	9606.ENSP00000249075	0	0	0	0	0	0	0.600	0.523	0.801
JAK2	NOX4	9606.ENSP00000371067	9606.ENSP00000263317	0	0	0	0	0	0.078	0	0.294	0.321
JAK2	STAT3	9606.ENSP00000371067	9606.ENSP00000264657	0	0	0	0	0.053	0.884	0.900	0.995	0.999
JAK2	SLC9A3	9606.ENSP00000371067	9606.ENSP00000264938	0	0	0	0	0	0.078	0	0.421	0.443
JAK2	OSMR	9606.ENSP00000371067	9606.ENSP00000274276	0	0	0	0	0.062	0.213	0.800	0.413	0.901
JAK2	RETNLB	9606.ENSP00000371067	9606.ENSP00000295755	0	0	0	0	0	0	0	0.151	0.150
JAK2	PF4	9606.ENSP00000371067	9606.ENSP00000296029	0	0	0	0	0	0	0	0.261	0.261
JAK2	STAT6	9606.ENSP00000371067	9606.ENSP00000300134	0	0	0	0	0.058	0.140	0.900	0.839	0.985
JAK2	NOD2	9606.ENSP00000371067	9606.ENSP00000300589	0	0	0	0	0.076	0	0	0.359	0.382
JAK2	PRKCB	9606.ENSP00000371067	9606.ENSP00000305355	0	0	0	0.554	0	0.061	0	0.262	0.157
JAK2	TNIP1	9606.ENSP00000371067	9606.ENSP00000317891	0	0	0	0	0.083	0.056	0	0.118	0.171
JAK2	MALT1	9606.ENSP00000371067	9606.ENSP00000319279	0.047	0	0	0	0	0.056	0	0.315	0.330
JAK2	RPS6KA4	9606.ENSP00000371067	9606.ENSP00000333896	0	0	0	0.553	0	0.120	0	0.135	0.158
JAK2	TSLP	9606.ENSP00000371067	9606.ENSP00000339804	0	0	0	0	0	0	0	0.455	0.455
JAK2	NKX2-3	9606.ENSP00000371067	9606.ENSP00000342828	0	0	0	0	0	0.063	0	0.293	0.309
JAK2	TNFRSF14	9606.ENSP00000371067	9606.ENSP00000347948	0	0	0	0	0.069	0	0	0.180	0.204
JAK2	SPRED2	9606.ENSP00000371067	9606.ENSP00000348753	0	0	0	0	0	0.132	0	0.094	0.179
JAK2	TGFBR2	9606.ENSP00000371067	9606.ENSP00000351905	0	0	0	0.552	0.075	0	0	0.300	0.187
JAK2	PTPN22	9606.ENSP00000371067	9606.ENSP00000352833	0	0	0	0	0.083	0.078	0	0.278	0.336
JAK2	TAGAP	9606.ENSP00000371067	9606.ENSP00000356033	0	0	0	0	0.088	0.058	0	0.139	0.196
JAK2	MMP9	9606.ENSP00000371067	9606.ENSP00000361405	0	0	0	0	0	0	0	0.532	0.532
JAK2	PLAU	9606.ENSP00000371067	9606.ENSP00000361850	0	0	0	0	0	0.056	0	0.171	0.183
JAK2	TRAF1	9606.ENSP00000371067	9606.ENSP00000362994	0	0	0	0	0.090	0.099	0	0.173	0.263
JAK2	TNFSF15	9606.ENSP00000371067	9606.ENSP00000363157	0	0	0	0	0	0.056	0	0.335	0.345
JAK2	TGFBR1	9606.ENSP00000371067	9606.ENSP00000364133	0	0	0	0.557	0	0.102	0	0.249	0.188
JAK2	SYK	9606.ENSP00000371067	9606.ENSP00000364907	0	0	0	0.644	0.052	0	0	0.517	0.219
JAK2	TH	9606.ENSP00000371067	9606.ENSP00000370571	0	0	0	0	0	0	0	0.157	0.156
JAK2	LACC1	9606.ENSP00000371067	9606.ENSP00000391747	0	0	0	0	0.061	0	0	0.140	0.157
JAK2	UBE2L3	9606.ENSP00000371067	9606.ENSP00000400906	0	0	0	0	0.084	0.067	0	0.111	0.173
JAK2	KIF21B	9606.ENSP00000371067	9606.ENSP00000411831	0	0	0	0	0.062	0.104	0	0.154	0.226
JAK2	MUC1	9606.ENSP00000371067	9606.ENSP00000484824	0	0	0	0	0	0	0	0.248	0.248
JAK2	ORMDL3	9606.ENSP00000371067	9606.ENSP00000377724	0	0	0	0	0.063	0.062	0	0.217	0.251
JAK2	TMPRSS6	9606.ENSP00000371067	9606.ENSP00000371211	0	0	0	0	0.130	0.056	0	0.347	0.417
JAK2	PTPRC	9606.ENSP00000371067	9606.ENSP00000411355	0	0	0	0	0.118	0.295	0	0.469	0.641
JAK2	KSR1	9606.ENSP00000371067	9606.ENSP00000381958	0	0	0	0.561	0	0.149	0.900	0.162	0.916
JAZF1	RPS6KB1	9606.ENSP00000283928	9606.ENSP00000225577	0	0	0	0	0.062	0.176	0	0.255	0.373
JAZF1	SLC7A10	9606.ENSP00000283928	9606.ENSP00000253188	0	0	0	0	0	0	0	0.161	0.161
JAZF1	SLC15A4	9606.ENSP00000283928	9606.ENSP00000266771	0	0	0	0	0	0	0	0.220	0.220
JAZF1	PHOSPHO1	9606.ENSP00000283928	9606.ENSP00000406909	0	0	0	0	0	0	0	0.157	0.157
JAZF1	ZFP36L1	9606.ENSP00000283928	9606.ENSP00000388402	0	0	0	0	0	0	0	0.161	0.161
JAZF1	PLCL1	9606.ENSP00000283928	9606.ENSP00000402861	0	0	0	0	0.073	0	0	0.146	0.174
JAZF1	PTTG1	9606.ENSP00000283928	9606.ENSP00000377536	0	0	0	0	0	0	0	0.186	0.186
JAZF1	PHF19	9606.ENSP00000283928	9606.ENSP00000483946	0	0	0	0	0	0	0	0.187	0.187
JAZF1	ZGLP1	9606.ENSP00000283928	9606.ENSP00000384434	0	0	0	0	0.055	0	0	0.192	0.203
JAZF1	SMARCE1	9606.ENSP00000283928	9606.ENSP00000323967	0	0	0	0	0	0	0	0.205	0.205
JAZF1	SCHIP1	9606.ENSP00000283928	9606.ENSP00000404860	0	0	0	0	0	0	0	0.210	0.210
JAZF1	PTPN22	9606.ENSP00000283928	9606.ENSP00000352833	0	0	0	0	0	0	0	0.260	0.260
JAZF1	ORMDL3	9606.ENSP00000283928	9606.ENSP00000377724	0	0	0	0	0.143	0	0	0.219	0.302
JAZF1	UBE2E2	9606.ENSP00000283928	9606.ENSP00000379931	0	0	0	0	0	0.062	0	0.321	0.335
JAZF1	UBE2L3	9606.ENSP00000283928	9606.ENSP00000400906	0	0	0	0	0	0.062	0	0.324	0.338
JAZF1	ZBTB38	9606.ENSP00000283928	9606.ENSP00000426387	0	0	0	0	0	0.069	0	0.415	0.432
JAZF1	TNIP1	9606.ENSP00000283928	9606.ENSP00000317891	0	0	0	0	0	0	0	0.457	0.457
JAZF1	THADA	9606.ENSP00000283928	9606.ENSP00000385995	0	0	0	0	0	0	0	0.804	0.804
KAT2A	RASIP1	9606.ENSP00000225916	9606.ENSP00000222145	0	0	0	0	0.093	0.108	0	0	0.156
KAT2A	RPS6KB1	9606.ENSP00000225916	9606.ENSP00000225577	0	0	0	0	0.058	0.145	0	0.092	0.204
KAT2A	TGFBR1	9606.ENSP00000225916	9606.ENSP00000364133	0	0	0	0	0.062	0.120	0	0.053	0.150
KAT2A	ZNF622	9606.ENSP00000225916	9606.ENSP00000310042	0	0	0	0	0.066	0.056	0	0.114	0.151
KAT2A	ZBTB38	9606.ENSP00000225916	9606.ENSP00000426387	0	0	0	0	0	0.126	0	0.074	0.156
KAT2A	WIZ	9606.ENSP00000225916	9606.ENSP00000263381	0	0	0	0	0.076	0.126	0	0	0.157
KAT2A	RPS6KA4	9606.ENSP00000225916	9606.ENSP00000333896	0	0	0	0	0.121	0.056	0	0.070	0.162
KAT2A	STAT6	9606.ENSP00000225916	9606.ENSP00000300134	0	0	0	0	0.063	0.056	0	0.129	0.163
KAT2A	TRAT1	9606.ENSP00000225916	9606.ENSP00000295756	0	0	0	0	0	0	0	0.173	0.173
KAT2A	MXD3	9606.ENSP00000225916	9606.ENSP00000401867	0	0	0	0	0.062	0.102	0	0.101	0.176
KAT2A	TCF7	9606.ENSP00000225916	9606.ENSP00000340347	0	0	0	0	0.062	0.150	0	0.056	0.181
KAT2A	RAB5C	9606.ENSP00000225916	9606.ENSP00000447053	0	0	0	0	0.087	0	0	0.142	0.183
KAT2A	ZGLP1	9606.ENSP00000225916	9606.ENSP00000384434	0	0	0	0	0.085	0.176	0	0.049	0.220
KAT2A	MED7	9606.ENSP00000225916	9606.ENSP00000286317	0	0	0	0	0	0.144	0	0.183	0.271
KAT2A	STAT3	9606.ENSP00000225916	9606.ENSP00000264657	0	0	0	0	0.063	0.056	0	0.260	0.289
KAT2A	SNAPC4	9606.ENSP00000225916	9606.ENSP00000298532	0	0	0	0	0.158	0.174	0	0.067	0.295
KAT2A	SMARCE1	9606.ENSP00000225916	9606.ENSP00000323967	0	0	0	0	0.062	0.056	0	0.380	0.403
KAT2A	KCNH4	9606.ENSP00000225916	9606.ENSP00000264661	0	0	0	0	0.062	0	0	0.446	0.458
KAT2A	POLR2E	9606.ENSP00000225916	9606.ENSP00000478303	0	0	0	0	0.086	0.064	0.600	0.139	0.666
KCNE1	SLC9A3	9606.ENSP00000337255	9606.ENSP00000264938	0	0	0	0	0	0	0	0.305	0.305
KCNH4	ORMDL3	9606.ENSP00000264661	9606.ENSP00000377724	0	0	0	0	0	0	0	0.153	0.153
KCNH4	PKIA	9606.ENSP00000264661	9606.ENSP00000379696	0	0	0	0	0	0	0	0.201	0.201
KCNH4	SLITRK1	9606.ENSP00000264661	9606.ENSP00000366288	0	0	0	0	0.062	0	0	0.244	0.260
KCNH4	RAB5C	9606.ENSP00000264661	9606.ENSP00000447053	0	0	0	0	0	0	0	0.288	0.288
KCNH4	KCNK4	9606.ENSP00000264661	9606.ENSP00000444948	0	0	0	0	0.076	0.127	0	0.485	0.548
KCNK4	RAB3A	9606.ENSP00000444948	9606.ENSP00000222256	0	0	0	0	0.213	0	0	0	0.213
KCNK4	PRDX5	9606.ENSP00000444948	9606.ENSP00000265462	0	0	0	0	0	0	0	0.171	0.171
KCNK4	SOX8	9606.ENSP00000444948	9606.ENSP00000293894	0	0	0	0	0.140	0.059	0	0	0.156
KCNK4	RPS6KA4	9606.ENSP00000444948	9606.ENSP00000333896	0	0	0	0	0	0	0	0.248	0.248
KCNK4	SLITRK1	9606.ENSP00000444948	9606.ENSP00000366288	0	0	0	0	0.174	0	0	0	0.174
KCNK4	SLC12A5	9606.ENSP00000444948	9606.ENSP00000387694	0	0	0	0	0.230	0	0	0.054	0.241
KCNK4	TEX40	9606.ENSP00000444948	9606.ENSP00000443917	0	0.161	0	0	0.098	0	0	0.243	0.377
KEAP1	NFE2L3	9606.ENSP00000171111	9606.ENSP00000056233	0	0	0	0	0	0.147	0	0.569	0.617
KEAP1	UBE2L3	9606.ENSP00000171111	9606.ENSP00000400906	0	0	0	0	0.062	0.126	0	0.092	0.190
KEAP1	PRDX5	9606.ENSP00000171111	9606.ENSP00000265462	0	0	0	0	0	0	0	0.228	0.227
KEAP1	SLC7A10	9606.ENSP00000171111	9606.ENSP00000253188	0	0	0	0	0	0.246	0	0	0.245
KEAP1	UBE2E2	9606.ENSP00000171111	9606.ENSP00000379931	0	0	0	0	0.113	0.147	0	0.092	0.253
KEAP1	SLX4	9606.ENSP00000171111	9606.ENSP00000294008	0	0	0	0	0	0.270	0	0	0.270
KEAP1	TH	9606.ENSP00000171111	9606.ENSP00000370571	0	0	0	0	0.065	0	0	0.252	0.271
KEAP1	SESN3	9606.ENSP00000171111	9606.ENSP00000441927	0	0	0	0	0.049	0	0	0.302	0.308
KEAP1	MMP9	9606.ENSP00000171111	9606.ENSP00000361405	0	0	0	0	0	0	0	0.336	0.336
KEAP1	RPS6KB1	9606.ENSP00000171111	9606.ENSP00000225577	0	0	0	0	0	0	0	0.336	0.336
KEAP1	SLC22A4	9606.ENSP00000171111	9606.ENSP00000200652	0	0	0	0	0.065	0.348	0	0.043	0.365
KEAP1	SPTA1	9606.ENSP00000171111	9606.ENSP00000357129	0	0	0	0	0.058	0	0	0.391	0.402
KEAP1	STAT3	9606.ENSP00000171111	9606.ENSP00000264657	0	0	0	0	0.049	0	0	0.399	0.404
KEAP1	SLC22A5	9606.ENSP00000171111	9606.ENSP00000245407	0	0	0	0	0.065	0.394	0	0.046	0.412
KEAP1	TGFBR1	9606.ENSP00000171111	9606.ENSP00000364133	0	0	0	0	0	0	0.500	0.082	0.521
KEAP1	NOX4	9606.ENSP00000171111	9606.ENSP00000263317	0	0	0	0	0	0	0	0.566	0.566
KEAP1	PRKCB	9606.ENSP00000171111	9606.ENSP00000305355	0	0	0	0	0	0	0.900	0.120	0.908
KEAP1	PARK7	9606.ENSP00000171111	9606.ENSP00000418770	0	0	0	0	0	0	0	0.941	0.942
KIAA1109	PFDN4	9606.ENSP00000264501	9606.ENSP00000360473	0	0	0	0	0	0.151	0	0	0.150
KIAA1109	UBE2E2	9606.ENSP00000264501	9606.ENSP00000379931	0	0	0	0	0.062	0.137	0	0	0.155
KIAA1109	TNFSF14	9606.ENSP00000264501	9606.ENSP00000469049	0	0	0	0	0	0	0	0.166	0.165
KIAA1109	NKX2-3	9606.ENSP00000264501	9606.ENSP00000342828	0	0	0	0	0	0	0	0.168	0.168
KIAA1109	SLC9A4	9606.ENSP00000264501	9606.ENSP00000295269	0	0	0	0	0	0	0	0.180	0.179
KIAA1109	UBE2L3	9606.ENSP00000264501	9606.ENSP00000400906	0	0	0	0	0.053	0.137	0	0.082	0.184
KIAA1109	TNFRSF14	9606.ENSP00000264501	9606.ENSP00000347948	0	0	0	0	0	0	0	0.202	0.202
KIAA1109	SCHIP1	9606.ENSP00000264501	9606.ENSP00000404860	0	0	0	0	0	0	0	0.213	0.213
KIAA1109	ZPBP2	9606.ENSP00000264501	9606.ENSP00000335384	0	0	0	0	0	0	0	0.233	0.233
KIAA1109	KIF21B	9606.ENSP00000264501	9606.ENSP00000411831	0	0	0	0	0.089	0.105	0	0.161	0.256
KIAA1109	TRAF1	9606.ENSP00000264501	9606.ENSP00000362994	0	0	0	0	0.062	0	0	0.248	0.265
KIAA1109	ORMDL3	9606.ENSP00000264501	9606.ENSP00000377724	0	0	0	0	0	0.058	0	0.261	0.274
KIAA1109	PTPN22	9606.ENSP00000264501	9606.ENSP00000352833	0	0	0	0	0.087	0	0	0.325	0.357
KIAA1109	PHF19	9606.ENSP00000264501	9606.ENSP00000483946	0	0	0	0	0.065	0	0	0.393	0.409
KIAA1109	RGS1	9606.ENSP00000264501	9606.ENSP00000356429	0	0	0	0	0.061	0	0	0.538	0.547
KIAA1109	TAGAP	9606.ENSP00000264501	9606.ENSP00000356033	0	0	0	0	0	0	0	0.578	0.578
KIF21B	RASIP1	9606.ENSP00000411831	9606.ENSP00000222145	0	0	0	0	0.062	0.142	0	0.053	0.171
KIF21B	STAT3	9606.ENSP00000411831	9606.ENSP00000264657	0	0	0	0	0.077	0	0	0.195	0.225
KIF21B	TRAT1	9606.ENSP00000411831	9606.ENSP00000295756	0	0	0	0	0.063	0	0	0.252	0.269
KIF21B	NOD2	9606.ENSP00000411831	9606.ENSP00000300589	0	0	0	0	0.086	0	0	0.151	0.191
KIF21B	TUBD1	9606.ENSP00000411831	9606.ENSP00000320797	0	0	0	0	0.052	0.172	0	0.107	0.237
KIF21B	TRIM46	9606.ENSP00000411831	9606.ENSP00000334657	0	0	0	0	0.056	0.084	0	0.218	0.264
KIF21B	ZPBP2	9606.ENSP00000411831	9606.ENSP00000335384	0	0	0	0	0	0	0	0.241	0.240
KIF21B	NKX2-3	9606.ENSP00000411831	9606.ENSP00000342828	0	0	0	0	0	0	0	0.402	0.402
KIF21B	PTPN22	9606.ENSP00000411831	9606.ENSP00000352833	0	0	0	0	0.109	0	0	0.156	0.215
KIF21B	TAGAP	9606.ENSP00000411831	9606.ENSP00000356033	0	0	0	0	0.087	0	0	0.344	0.376
KIF21B	RGS1	9606.ENSP00000411831	9606.ENSP00000356429	0	0	0	0	0.069	0.060	0	0.261	0.297
KIF21B	PFDN4	9606.ENSP00000411831	9606.ENSP00000360473	0	0	0	0	0	0.131	0	0.080	0.166
KIF21B	TNFSF15	9606.ENSP00000411831	9606.ENSP00000363157	0	0	0	0	0	0	0	0.244	0.243
KIF21B	TMPRSS6	9606.ENSP00000411831	9606.ENSP00000371211	0	0	0	0	0	0.160	0	0	0.159
KIF21B	SP140	9606.ENSP00000411831	9606.ENSP00000375899	0	0	0	0	0.079	0.084	0	0.261	0.322
KIF21B	PTTG1	9606.ENSP00000411831	9606.ENSP00000377536	0	0	0	0	0.108	0	0	0.188	0.244
KIF21B	ORMDL3	9606.ENSP00000411831	9606.ENSP00000377724	0	0	0	0	0	0	0	0.218	0.218
KIF21B	SLC12A5	9606.ENSP00000411831	9606.ENSP00000387694	0	0	0	0	0	0	0	0.393	0.393
KIF21B	ZFP36L1	9606.ENSP00000411831	9606.ENSP00000388402	0	0	0	0	0.073	0	0	0.147	0.175
KIF21B	MYO1A	9606.ENSP00000411831	9606.ENSP00000393392	0	0	0	0	0.062	0.142	0	0.229	0.325
KIF21B	UBE2L3	9606.ENSP00000411831	9606.ENSP00000400906	0	0	0	0	0	0.077	0	0.160	0.191
KIF21B	TNFSF14	9606.ENSP00000411831	9606.ENSP00000469049	0	0	0	0	0	0	0	0.170	0.170
KRTCAP2	SDF2L1	9606.ENSP00000295682	9606.ENSP00000248958	0	0	0	0	0.183	0	0	0.041	0.183
KRTCAP2	RPS26	9606.ENSP00000295682	9606.ENSP00000348849	0	0	0	0	0.203	0	0	0	0.203
KRTCAP2	THBS3	9606.ENSP00000295682	9606.ENSP00000357362	0	0	0	0	0.062	0	0	0.322	0.337
KRTCAP2	TRIM46	9606.ENSP00000295682	9606.ENSP00000334657	0	0	0	0	0	0	0	0.351	0.351
KRTCAP2	MTX1	9606.ENSP00000295682	9606.ENSP00000357360	0	0	0	0	0.086	0	0	0.549	0.570
KRTCAP2	TMEM258	9606.ENSP00000295682	9606.ENSP00000443216	0	0	0	0	0.466	0	0.720	0.700	0.951
KSR1	NFE2L3	9606.ENSP00000381958	9606.ENSP00000056233	0	0	0	0	0	0.101	0	0.214	0.263
KSR1	RPS6KB1	9606.ENSP00000381958	9606.ENSP00000225577	0	0	0	0.554	0.056	0.091	0	0.217	0.178
KSR1	SDF2L1	9606.ENSP00000381958	9606.ENSP00000248958	0	0	0	0	0.048	0.059	0	0.141	0.163
KSR1	LIF	9606.ENSP00000381958	9606.ENSP00000249075	0	0	0	0	0	0	0	0.251	0.251
KSR1	STAT3	9606.ENSP00000381958	9606.ENSP00000264657	0	0	0	0	0	0.140	0	0.173	0.258
KSR1	MFHAS1	9606.ENSP00000381958	9606.ENSP00000276282	0	0	0	0	0	0.089	0	0.247	0.285
KSR1	SAMSN1	9606.ENSP00000381958	9606.ENSP00000285670	0	0	0	0	0	0.056	0	0.137	0.151
KSR1	SPRED2	9606.ENSP00000381958	9606.ENSP00000348753	0	0	0	0	0	0.132	0	0.073	0.161
KSR1	PTPN22	9606.ENSP00000381958	9606.ENSP00000352833	0	0	0	0	0.062	0.139	0	0.047	0.163
KSR1	RGS1	9606.ENSP00000381958	9606.ENSP00000356429	0	0	0	0	0	0.112	0	0.161	0.223
KSR1	PMPCA	9606.ENSP00000381958	9606.ENSP00000360782	0	0	0	0	0	0.281	0	0	0.281
KSR1	TRAF1	9606.ENSP00000381958	9606.ENSP00000362994	0	0	0	0	0.062	0.099	0	0.087	0.161
KSR1	PKIA	9606.ENSP00000381958	9606.ENSP00000379696	0	0	0	0	0	0	0	0.154	0.154
KSR1	TPD52	9606.ENSP00000381958	9606.ENSP00000429309	0	0	0	0	0	0	0	0.165	0.165
KSR1	TRMT112	9606.ENSP00000381958	9606.ENSP00000438349	0	0	0	0	0	0.270	0	0	0.270
KSR1	UBE2L3	9606.ENSP00000381958	9606.ENSP00000400906	0	0	0	0	0	0.289	0	0	0.289
LACC1	SLC22A4	9606.ENSP00000391747	9606.ENSP00000200652	0	0	0	0	0.065	0	0	0.137	0.158
LACC1	SLC22A5	9606.ENSP00000391747	9606.ENSP00000245407	0	0	0	0	0	0	0	0.173	0.173
LACC1	NOD2	9606.ENSP00000391747	9606.ENSP00000300589	0	0	0	0	0	0	0	0.603	0.603
LACC1	TUBD1	9606.ENSP00000391747	9606.ENSP00000320797	0	0	0	0	0	0	0	0.181	0.181
LACC1	ZPBP2	9606.ENSP00000391747	9606.ENSP00000335384	0	0	0	0	0	0	0	0.181	0.181
LACC1	NKX2-3	9606.ENSP00000391747	9606.ENSP00000342828	0	0	0	0	0	0	0	0.359	0.359
LACC1	PTPN22	9606.ENSP00000391747	9606.ENSP00000352833	0	0	0	0	0	0	0	0.297	0.297
LACC1	TNFSF15	9606.ENSP00000391747	9606.ENSP00000363157	0	0	0	0	0.062	0	0	0.615	0.624
LACC1	ORMDL3	9606.ENSP00000391747	9606.ENSP00000377724	0	0	0	0	0	0	0	0.248	0.248
LACC1	TNFRSF11A	9606.ENSP00000391747	9606.ENSP00000465500	0	0	0	0	0	0	0	0.592	0.592
LBH	TUBD1	9606.ENSP00000378733	9606.ENSP00000320797	0	0	0	0	0	0	0	0.277	0.277
LIF	TSLP	9606.ENSP00000249075	9606.ENSP00000339804	0	0	0	0	0.076	0	0	0.138	0.169
LIF	TGFBR2	9606.ENSP00000249075	9606.ENSP00000351905	0	0	0	0	0.076	0	0	0.142	0.173
LIF	WISP1	9606.ENSP00000249075	9606.ENSP00000250160	0	0	0	0	0.069	0	0	0.151	0.176
LIF	TNFSF15	9606.ENSP00000249075	9606.ENSP00000363157	0	0	0	0	0	0	0	0.187	0.187
LIF	TGFBR1	9606.ENSP00000249075	9606.ENSP00000364133	0	0	0	0	0.062	0	0	0.215	0.232
LIF	MUC1	9606.ENSP00000249075	9606.ENSP00000484824	0	0	0	0	0.098	0	0	0.241	0.286
LIF	PLAU	9606.ENSP00000249075	9606.ENSP00000361850	0	0	0	0	0.213	0	0	0.141	0.295
LIF	STAT6	9606.ENSP00000249075	9606.ENSP00000300134	0	0	0	0	0	0	0	0.370	0.370
LIF	TH	9606.ENSP00000249075	9606.ENSP00000370571	0	0	0	0	0	0	0	0.372	0.372
LIF	PTPRC	9606.ENSP00000249075	9606.ENSP00000411355	0	0	0	0	0	0	0	0.410	0.410
LIF	PMEL	9606.ENSP00000249075	9606.ENSP00000402758	0	0	0	0	0	0	0	0.426	0.426
LIF	OSMR	9606.ENSP00000249075	9606.ENSP00000274276	0	0	0	0	0.098	0.058	0.600	0.556	0.828
LIF	MMP9	9606.ENSP00000249075	9606.ENSP00000361405	0	0	0	0	0.062	0	0.900	0.338	0.932
LIF	STAT3	9606.ENSP00000249075	9606.ENSP00000264657	0	0	0	0	0	0	0.900	0.796	0.978
LMF1	OS9	9606.ENSP00000262301	9606.ENSP00000318165	0	0	0	0	0.080	0	0	0.121	0.157
LMF1	THEMIS	9606.ENSP00000262301	9606.ENSP00000357231	0	0	0	0	0	0	0	0.213	0.213
LMF1	SOX8	9606.ENSP00000262301	9606.ENSP00000293894	0	0	0	0	0.104	0	0	0.284	0.331
LMF1	MYO1A	9606.ENSP00000262301	9606.ENSP00000393392	0	0	0	0	0.344	0	0	0.041	0.343
LRP1	OSMR	9606.ENSP00000243077	9606.ENSP00000274276	0	0	0	0	0.065	0.130	0	0	0.151
LRP1	MFHAS1	9606.ENSP00000243077	9606.ENSP00000276282	0	0	0	0	0	0.056	0	0.139	0.152
LRP1	PF4	9606.ENSP00000243077	9606.ENSP00000296029	0	0	0	0	0	0	0	0.168	0.168
LRP1	THBS3	9606.ENSP00000243077	9606.ENSP00000357362	0	0	0	0	0.076	0	0	0.147	0.178
LRP1	PMEL	9606.ENSP00000243077	9606.ENSP00000402758	0	0	0	0	0	0	0	0.179	0.179
LRP1	TGFBR1	9606.ENSP00000243077	9606.ENSP00000364133	0	0	0	0	0	0.056	0	0.173	0.186
LRP1	WDR36	9606.ENSP00000243077	9606.ENSP00000423067	0	0	0	0	0	0	0	0.189	0.189
LRP1	TGFBR2	9606.ENSP00000243077	9606.ENSP00000351905	0	0	0	0	0.096	0.056	0	0.155	0.216
LRP1	SYK	9606.ENSP00000243077	9606.ENSP00000364907	0	0	0	0	0	0.142	0	0.124	0.217
LRP1	PTPRC	9606.ENSP00000243077	9606.ENSP00000411355	0	0	0	0	0	0.060	0	0.262	0.276
LRP1	NOX4	9606.ENSP00000243077	9606.ENSP00000263317	0	0	0	0	0	0	0	0.357	0.357
LRP1	STAT3	9606.ENSP00000243077	9606.ENSP00000264657	0	0	0	0	0	0	0	0.444	0.444
LRP1	MMP9	9606.ENSP00000243077	9606.ENSP00000361405	0	0	0	0	0.062	0	0	0.936	0.938
LRP1	PLAU	9606.ENSP00000243077	9606.ENSP00000361850	0	0	0	0	0	0.056	0.900	0.868	0.986
LRRIQ4	NTN5	9606.ENSP00000342188	9606.ENSP00000270235	0	0	0	0	0	0.167	0	0	0.167
LRRIQ4	SLU7	9606.ENSP00000342188	9606.ENSP00000297151	0	0	0	0	0	0.151	0	0.055	0.163
LRRIQ4	SNAPC4	9606.ENSP00000342188	9606.ENSP00000298532	0	0	0	0	0	0.166	0	0.047	0.171
LRRIQ4	MYNN	9606.ENSP00000342188	9606.ENSP00000326240	0	0	0	0	0	0.060	0	0.723	0.728
LRRIQ4	RPL3	9606.ENSP00000342188	9606.ENSP00000346001	0	0	0	0	0	0.166	0	0	0.165
LRRIQ4	PTPRC	9606.ENSP00000342188	9606.ENSP00000411355	0	0	0	0	0	0.178	0	0.043	0.179
LRRIQ4	SUOX	9606.ENSP00000342188	9606.ENSP00000377668	0	0	0	0	0	0.247	0	0.083	0.279
MALT1	TICAM1	9606.ENSP00000319279	9606.ENSP00000248244	0	0	0	0	0	0	0	0.170	0.169
MALT1	STAT3	9606.ENSP00000319279	9606.ENSP00000264657	0	0	0	0	0	0	0	0.287	0.286
MALT1	NOD2	9606.ENSP00000319279	9606.ENSP00000300589	0	0	0	0	0.063	0	0	0.325	0.340
MALT1	PRKCB	9606.ENSP00000319279	9606.ENSP00000305355	0	0	0	0	0	0	0.650	0.526	0.827
MALT1	TNIP1	9606.ENSP00000319279	9606.ENSP00000317891	0	0	0	0	0.060	0	0	0.267	0.281
MALT1	PTTG1	9606.ENSP00000319279	9606.ENSP00000377536	0	0	0	0	0	0	0	0.152	0.152
MALT1	TNFSF14	9606.ENSP00000319279	9606.ENSP00000469049	0	0	0	0	0	0	0	0.154	0.153
MALT1	TAGAP	9606.ENSP00000319279	9606.ENSP00000356033	0	0	0	0	0	0	0	0.155	0.154
MALT1	TNFRSF14	9606.ENSP00000319279	9606.ENSP00000347948	0	0	0	0	0	0	0	0.182	0.181
MALT1	PTPRC	9606.ENSP00000319279	9606.ENSP00000411355	0	0	0	0	0.063	0	0	0.261	0.277
MALT1	TRAF1	9606.ENSP00000319279	9606.ENSP00000362994	0	0	0	0	0.065	0.056	0	0.338	0.364
MALT1	SYK	9606.ENSP00000319279	9606.ENSP00000364907	0.047	0	0	0	0.063	0.056	0	0.619	0.635
MAMSTR	RASIP1	9606.ENSP00000324175	9606.ENSP00000222145	0	0	0	0	0.065	0	0	0.218	0.237
MARS2	RPL3	9606.ENSP00000282276	9606.ENSP00000346001	0.044	0	0	0	0.065	0.076	0	0.147	0.201
MARS2	PLCL1	9606.ENSP00000282276	9606.ENSP00000402861	0	0	0	0	0	0	0	0.294	0.294
MARS2	PARK7	9606.ENSP00000282276	9606.ENSP00000418770	0.111	0	0	0	0.065	0.213	0	0.077	0.315
MARS2	RBM17	9606.ENSP00000282276	9606.ENSP00000388638	0	0	0	0	0.064	0	0	0.466	0.478
MED7	PLIN3	9606.ENSP00000286317	9606.ENSP00000221957	0	0	0	0	0	0	0	0.216	0.216
MED7	SLU7	9606.ENSP00000286317	9606.ENSP00000297151	0	0	0	0	0	0	0	0.151	0.150
MED7	RBM17	9606.ENSP00000286317	9606.ENSP00000388638	0	0	0	0	0	0	0	0.158	0.158
MED7	RPL3	9606.ENSP00000286317	9606.ENSP00000346001	0	0	0	0	0	0	0	0.164	0.164
MED7	POLR2E	9606.ENSP00000286317	9606.ENSP00000478303	0	0	0	0	0.076	0.931	0	0.141	0.940
MFHAS1	NTN5	9606.ENSP00000276282	9606.ENSP00000270235	0	0	0	0	0	0.167	0	0	0.167
MFHAS1	SLU7	9606.ENSP00000276282	9606.ENSP00000297151	0	0	0	0	0	0.151	0	0.055	0.163
MFHAS1	RPL3	9606.ENSP00000276282	9606.ENSP00000346001	0	0	0	0	0	0.166	0	0	0.165
MFHAS1	SNAPC4	9606.ENSP00000276282	9606.ENSP00000298532	0	0	0	0	0	0.166	0	0.047	0.171
MFHAS1	PTPRC	9606.ENSP00000276282	9606.ENSP00000411355	0	0	0	0	0	0.178	0	0.043	0.179
MFHAS1	STAT6	9606.ENSP00000276282	9606.ENSP00000300134	0	0	0	0	0.062	0.057	0	0.231	0.260
MFHAS1	SUOX	9606.ENSP00000276282	9606.ENSP00000377668	0	0	0	0	0	0.247	0	0.083	0.279
MFHAS1	PPP1R3B	9606.ENSP00000276282	9606.ENSP00000308318	0	0	0	0	0	0	0	0.903	0.903
MMP9	PLGRKT	9606.ENSP00000361405	9606.ENSP00000223864	0	0	0	0	0	0	0	0.164	0.164
MMP9	RPS6KB1	9606.ENSP00000361405	9606.ENSP00000225577	0	0	0	0	0.062	0	0	0.425	0.437
MMP9	TICAM1	9606.ENSP00000361405	9606.ENSP00000248244	0	0	0	0	0.076	0	0	0.168	0.198
MMP9	WISP1	9606.ENSP00000361405	9606.ENSP00000250160	0	0	0	0	0	0	0	0.279	0.279
MMP9	NOX4	9606.ENSP00000361405	9606.ENSP00000263317	0	0	0	0	0	0	0	0.489	0.489
MMP9	STAT3	9606.ENSP00000361405	9606.ENSP00000264657	0	0	0	0	0	0	0.900	0.746	0.973
MMP9	SOX8	9606.ENSP00000361405	9606.ENSP00000293894	0	0	0	0	0	0.060	0	0.166	0.183
MMP9	RETNLB	9606.ENSP00000361405	9606.ENSP00000295755	0	0	0	0	0.062	0	0	0.294	0.309
MMP9	TRAT1	9606.ENSP00000361405	9606.ENSP00000295756	0	0	0	0	0.060	0	0	0.148	0.164
MMP9	PPBP	9606.ENSP00000361405	9606.ENSP00000296028	0	0	0	0	0.151	0	0	0.425	0.491
MMP9	PF4	9606.ENSP00000361405	9606.ENSP00000296029	0	0	0	0	0.096	0	0	0.463	0.494
MMP9	STAT6	9606.ENSP00000361405	9606.ENSP00000300134	0	0	0	0	0.083	0	0	0.419	0.445
MMP9	NOD2	9606.ENSP00000361405	9606.ENSP00000300589	0	0	0	0	0.175	0	0	0.261	0.364
MMP9	PRKCB	9606.ENSP00000361405	9606.ENSP00000305355	0	0	0	0	0	0	0	0.207	0.207
MMP9	ZNF335	9606.ENSP00000361405	9606.ENSP00000325326	0	0	0	0	0	0	0	0.161	0.161
MMP9	TSLP	9606.ENSP00000361405	9606.ENSP00000339804	0	0	0	0	0	0	0	0.320	0.319
MMP9	TNFRSF14	9606.ENSP00000361405	9606.ENSP00000347948	0	0	0	0	0.097	0	0	0.161	0.209
MMP9	TGFBR2	9606.ENSP00000361405	9606.ENSP00000351905	0	0	0	0	0.062	0	0	0.460	0.471
MMP9	TAGAP	9606.ENSP00000361405	9606.ENSP00000356033	0	0	0	0	0.137	0	0	0.087	0.179
MMP9	RGS1	9606.ENSP00000361405	9606.ENSP00000356429	0	0	0	0	0.143	0	0	0.074	0.172
MMP9	THBS3	9606.ENSP00000361405	9606.ENSP00000357362	0	0	0	0	0.062	0	0	0.195	0.213
MMP9	P4HA2	9606.ENSP00000361405	9606.ENSP00000384999	0	0	0	0	0	0	0	0.160	0.159
MMP9	PTTG1	9606.ENSP00000361405	9606.ENSP00000377536	0	0	0	0	0	0	0	0.181	0.181
MMP9	TNFSF15	9606.ENSP00000361405	9606.ENSP00000363157	0	0	0	0	0	0	0	0.193	0.193
MMP9	TH	9606.ENSP00000361405	9606.ENSP00000370571	0	0	0	0	0.062	0	0	0.186	0.204
MMP9	TNFSF14	9606.ENSP00000361405	9606.ENSP00000469049	0	0	0	0	0.072	0	0	0.190	0.216
MMP9	PARK7	9606.ENSP00000361405	9606.ENSP00000418770	0	0	0	0	0	0	0	0.218	0.218
MMP9	PADI4	9606.ENSP00000361405	9606.ENSP00000364597	0	0	0	0	0.062	0	0	0.256	0.272
MMP9	TNFRSF11A	9606.ENSP00000361405	9606.ENSP00000465500	0	0	0	0	0	0	0	0.325	0.325
MMP9	SYK	9606.ENSP00000361405	9606.ENSP00000364907	0	0	0	0	0.102	0	0	0.330	0.372
MMP9	TRAF1	9606.ENSP00000361405	9606.ENSP00000362994	0	0	0	0	0.098	0	0	0.370	0.407
MMP9	MUC1	9606.ENSP00000361405	9606.ENSP00000484824	0	0	0	0	0.062	0	0	0.458	0.469
MMP9	TGFBR1	9606.ENSP00000361405	9606.ENSP00000364133	0	0	0	0	0.062	0	0	0.506	0.516
MMP9	PTPRC	9606.ENSP00000361405	9606.ENSP00000411355	0	0	0	0	0.104	0	0	0.565	0.594
MMP9	PLAU	9606.ENSP00000361405	9606.ENSP00000361850	0	0	0	0	0.076	0	0	0.728	0.738
MPV17L2	RAB3A	9606.ENSP00000469836	9606.ENSP00000222256	0	0	0	0	0.098	0	0	0.188	0.237
MPV17L2	TAGAP	9606.ENSP00000469836	9606.ENSP00000356033	0	0	0	0	0	0	0	0.213	0.213
MTX1	TRIM46	9606.ENSP00000357360	9606.ENSP00000334657	0	0	0	0	0	0	0	0.902	0.902
MTX1	TGFBR2	9606.ENSP00000357360	9606.ENSP00000351905	0	0	0	0	0	0.061	0	0.219	0.235
MTX1	SPTA1	9606.ENSP00000357360	9606.ENSP00000357129	0	0	0	0	0	0	0	0.216	0.216
MTX1	ZNF300	9606.ENSP00000357360	9606.ENSP00000397178	0	0	0	0	0	0	0	0.194	0.194
MTX1	PMPCA	9606.ENSP00000357360	9606.ENSP00000360782	0	0	0	0	0.108	0	0	0.196	0.252
MTX1	MUC1	9606.ENSP00000357360	9606.ENSP00000484824	0	0	0	0	0	0	0	0.642	0.642
MTX1	THBS3	9606.ENSP00000357360	9606.ENSP00000357362	0	0	0	0	0	0	0	0.836	0.836
MUC1	STAT3	9606.ENSP00000484824	9606.ENSP00000264657	0	0	0	0	0	0	0.900	0.555	0.953
MUC1	TRIM46	9606.ENSP00000484824	9606.ENSP00000334657	0	0	0	0	0	0	0	0.729	0.729
MUC1	TNFRSF14	9606.ENSP00000484824	9606.ENSP00000347948	0	0	0	0	0.070	0	0	0.141	0.166
MUC1	TGFBR2	9606.ENSP00000484824	9606.ENSP00000351905	0	0	0	0	0	0	0	0.155	0.154
MUC1	THBS3	9606.ENSP00000484824	9606.ENSP00000357362	0	0.124	0	0	0.076	0	0	0.539	0.594
MUC1	PLAU	9606.ENSP00000484824	9606.ENSP00000361850	0	0	0	0	0.076	0	0	0.211	0.239
MUC1	PMEL	9606.ENSP00000484824	9606.ENSP00000402758	0	0	0	0	0	0	0	0.461	0.461
MUC1	PTPRC	9606.ENSP00000484824	9606.ENSP00000411355	0	0	0	0	0	0	0	0.417	0.416
MXD3	PRELID1	9606.ENSP00000401867	9606.ENSP00000302114	0	0	0	0	0.115	0	0	0.764	0.782
MXD3	RAB24	9606.ENSP00000401867	9606.ENSP00000304376	0	0	0	0	0.060	0.076	0	0.233	0.276
MYNN	SLC15A4	9606.ENSP00000326240	9606.ENSP00000266771	0	0	0	0	0	0	0	0.312	0.312
MYNN	MYRF	9606.ENSP00000326240	9606.ENSP00000278836	0	0	0	0	0	0.057	0	0.166	0.179
MYNN	SLU7	9606.ENSP00000326240	9606.ENSP00000297151	0	0	0	0	0.077	0.078	0	0.223	0.281
MYNN	ZNF622	9606.ENSP00000326240	9606.ENSP00000310042	0	0	0	0	0	0.103	0	0.094	0.152
MYNN	RGS1	9606.ENSP00000326240	9606.ENSP00000356429	0	0	0	0	0	0.057	0	0.153	0.167
MYNN	TRAF1	9606.ENSP00000326240	9606.ENSP00000362994	0	0	0	0	0	0.058	0	0.171	0.186
MYO1A	SLC9A3	9606.ENSP00000393392	9606.ENSP00000264938	0	0	0	0	0.109	0	0	0.266	0.319
MYO1A	SAMSN1	9606.ENSP00000393392	9606.ENSP00000285670	0	0	0	0	0.085	0.144	0	0	0.183
MYO1A	RETNLB	9606.ENSP00000393392	9606.ENSP00000295755	0	0	0	0	0.200	0	0	0	0.200
MYO1A	PRKCB	9606.ENSP00000393392	9606.ENSP00000305355	0	0	0	0	0.109	0.102	0	0.055	0.177
MYO1A	SLC26A3	9606.ENSP00000393392	9606.ENSP00000345873	0	0	0	0	0.347	0	0	0.047	0.351
MYO1A	RAB5B	9606.ENSP00000393392	9606.ENSP00000353444	0	0	0	0	0.062	0.124	0	0.121	0.215
MYO1A	SUOX	9606.ENSP00000393392	9606.ENSP00000377668	0	0	0	0	0	0	0	0.274	0.274
MYO1A	RAB5C	9606.ENSP00000393392	9606.ENSP00000447053	0	0	0	0	0.062	0.124	0	0.055	0.155
MYRF	PLEKHH2	9606.ENSP00000278836	9606.ENSP00000282406	0	0	0	0	0.056	0	0	0.180	0.192
MYRF	TMEM258	9606.ENSP00000278836	9606.ENSP00000443216	0	0	0	0	0	0	0	0.466	0.465
MYRF	SOX8	9606.ENSP00000278836	9606.ENSP00000293894	0	0	0	0	0.105	0	0	0.446	0.484
NAB2	PARP12	9606.ENSP00000300131	9606.ENSP00000263549	0	0	0	0	0	0	0	0.182	0.182
NAB2	TMEM194A	9606.ENSP00000300131	9606.ENSP00000300128	0	0	0	0	0	0	0	0.191	0.191
NAB2	ZFP36L1	9606.ENSP00000300131	9606.ENSP00000388402	0	0	0	0	0	0	0	0.189	0.189
NAB2	RPS6KA4	9606.ENSP00000300131	9606.ENSP00000333896	0	0	0	0	0.088	0	0	0.232	0.270
NAB2	TOM1	9606.ENSP00000300131	9606.ENSP00000413697	0	0	0	0	0	0	0	0.634	0.634
NAB2	STAT6	9606.ENSP00000300131	9606.ENSP00000300134	0	0	0	0	0.062	0	0	0.739	0.744
NDFIP1	TNFSF15	9606.ENSP00000253814	9606.ENSP00000363157	0	0	0	0	0	0	0	0.151	0.150
NDFIP1	WDR36	9606.ENSP00000253814	9606.ENSP00000423067	0	0	0	0	0	0	0	0.160	0.160
NDFIP1	PTPRC	9606.ENSP00000253814	9606.ENSP00000411355	0	0	0	0	0	0.059	0	0.144	0.160
NDFIP1	TAGAP	9606.ENSP00000253814	9606.ENSP00000356033	0	0	0	0	0	0	0	0.167	0.167
NDFIP1	STAT6	9606.ENSP00000253814	9606.ENSP00000300134	0	0	0	0	0	0	0	0.194	0.194
NDFIP1	TGFBR2	9606.ENSP00000253814	9606.ENSP00000351905	0	0	0	0	0	0.212	0	0	0.212
NDFIP1	SERINC3	9606.ENSP00000253814	9606.ENSP00000340243	0	0	0	0	0.066	0	0	0.212	0.232
NDFIP1	PLCL1	9606.ENSP00000253814	9606.ENSP00000402861	0	0	0	0	0.065	0	0	0.274	0.292
NDFIP1	ORMDL3	9606.ENSP00000253814	9606.ENSP00000377724	0	0	0	0	0	0.058	0	0.323	0.335
NDFIP1	UBE2L3	9606.ENSP00000253814	9606.ENSP00000400906	0	0	0	0	0	0.270	0	0.180	0.375
NDST2	PLAU	9606.ENSP00000310657	9606.ENSP00000361850	0	0	0	0	0	0	0	0.499	0.499
NFE2L3	SLC26A3	9606.ENSP00000056233	9606.ENSP00000345873	0	0	0	0	0	0	0	0.152	0.152
NFE2L3	RGS1	9606.ENSP00000056233	9606.ENSP00000356429	0	0	0	0	0	0	0	0.208	0.208
NFE2L3	NOX4	9606.ENSP00000056233	9606.ENSP00000263317	0	0	0	0	0	0	0	0.265	0.265
NFE2L3	P4HA2	9606.ENSP00000056233	9606.ENSP00000384999	0	0	0	0	0	0	0	0.479	0.479
NKX2-3	SLC22A4	9606.ENSP00000342828	9606.ENSP00000200652	0	0	0	0	0	0.056	0	0.208	0.221
NKX2-3	SLC22A5	9606.ENSP00000342828	9606.ENSP00000245407	0	0	0	0	0	0.056	0	0.224	0.236
NKX2-3	STAT3	9606.ENSP00000342828	9606.ENSP00000264657	0	0	0	0	0	0.056	0	0.310	0.320
NKX2-3	SOX8	9606.ENSP00000342828	9606.ENSP00000293894	0	0	0	0	0	0.105	0	0.227	0.279
NKX2-3	SLC9A4	9606.ENSP00000342828	9606.ENSP00000295269	0	0	0	0	0.051	0	0	0.436	0.441
NKX2-3	PPBP	9606.ENSP00000342828	9606.ENSP00000296028	0	0	0	0	0.062	0	0	0.189	0.206
NKX2-3	NOD2	9606.ENSP00000342828	9606.ENSP00000300589	0	0	0	0	0	0	0	0.503	0.503
NKX2-3	RAB24	9606.ENSP00000342828	9606.ENSP00000304376	0	0	0	0	0	0	0	0.163	0.163
NKX2-3	ZPBP2	9606.ENSP00000342828	9606.ENSP00000335384	0	0	0	0	0	0	0	0.166	0.166
NKX2-3	PTPN22	9606.ENSP00000342828	9606.ENSP00000352833	0	0	0	0	0.061	0.056	0	0.334	0.358
NKX2-3	ZNF300	9606.ENSP00000342828	9606.ENSP00000397178	0	0	0	0	0	0.058	0	0.347	0.359
NKX2-3	ORMDL3	9606.ENSP00000342828	9606.ENSP00000377724	0	0	0	0	0	0	0	0.427	0.427
NKX2-3	TNFSF15	9606.ENSP00000342828	9606.ENSP00000363157	0	0	0	0	0	0	0	0.504	0.504
NOD2	SLC22A4	9606.ENSP00000300589	9606.ENSP00000200652	0	0	0	0	0.065	0	0	0.619	0.628
NOD2	SLC22A5	9606.ENSP00000300589	9606.ENSP00000245407	0	0	0	0	0	0	0	0.579	0.579
NOD2	TICAM1	9606.ENSP00000300589	9606.ENSP00000248244	0	0	0	0	0.096	0	0	0.413	0.446
NOD2	STAT3	9606.ENSP00000300589	9606.ENSP00000264657	0	0	0	0	0.062	0	0	0.470	0.481
NOD2	SLC9A3	9606.ENSP00000300589	9606.ENSP00000264938	0	0	0	0	0	0	0	0.164	0.164
NOD2	SLC15A4	9606.ENSP00000300589	9606.ENSP00000266771	0	0	0	0	0	0.270	0	0.421	0.559
NOD2	SAMSN1	9606.ENSP00000300589	9606.ENSP00000285670	0	0	0	0	0.196	0	0	0	0.196
NOD2	SLC9A4	9606.ENSP00000300589	9606.ENSP00000295269	0	0	0	0	0	0	0	0.297	0.297
NOD2	RETNLB	9606.ENSP00000300589	9606.ENSP00000295755	0	0	0	0	0	0	0	0.213	0.213
NOD2	TRAT1	9606.ENSP00000300589	9606.ENSP00000295756	0	0	0	0	0.117	0	0	0.284	0.341
NOD2	PPBP	9606.ENSP00000300589	9606.ENSP00000296028	0	0	0	0	0.152	0	0	0.092	0.197
NOD2	STAT6	9606.ENSP00000300589	9606.ENSP00000300134	0	0	0	0	0.087	0	0	0.262	0.297
NOD2	TNFSF14	9606.ENSP00000300589	9606.ENSP00000469049	0	0	0	0	0.083	0	0	0.128	0.166
NOD2	ZPBP2	9606.ENSP00000300589	9606.ENSP00000335384	0	0	0	0	0.052	0	0	0.171	0.180
NOD2	UBE2L3	9606.ENSP00000300589	9606.ENSP00000400906	0	0	0	0	0.062	0	0	0.166	0.184
NOD2	TNFRSF14	9606.ENSP00000300589	9606.ENSP00000347948	0	0	0	0	0.141	0	0	0.112	0.204
NOD2	PRKCB	9606.ENSP00000300589	9606.ENSP00000305355	0	0	0	0	0.076	0	0	0.179	0.209
NOD2	SP140	9606.ENSP00000300589	9606.ENSP00000375899	0	0	0	0	0.163	0	0	0.096	0.212
NOD2	PADI4	9606.ENSP00000300589	9606.ENSP00000364597	0	0	0	0	0.076	0	0	0.193	0.222
NOD2	RASAL3	9606.ENSP00000300589	9606.ENSP00000341905	0	0	0	0	0.222	0	0	0	0.222
NOD2	TNIP1	9606.ENSP00000300589	9606.ENSP00000317891	0	0	0	0	0.076	0.192	0	0.242	0.384
NOD2	TSLP	9606.ENSP00000300589	9606.ENSP00000339804	0	0	0	0	0	0	0	0.391	0.390
NOD2	ORMDL3	9606.ENSP00000300589	9606.ENSP00000377724	0	0	0	0	0	0	0	0.394	0.394
NOD2	P4HA2	9606.ENSP00000300589	9606.ENSP00000384999	0	0	0	0	0	0	0	0.396	0.396
NOD2	TRAF1	9606.ENSP00000300589	9606.ENSP00000362994	0	0	0	0	0.176	0.057	0	0.306	0.413
NOD2	PTPRC	9606.ENSP00000300589	9606.ENSP00000411355	0	0	0	0	0.222	0	0	0.323	0.450
NOD2	SYK	9606.ENSP00000300589	9606.ENSP00000364907	0	0	0	0	0.155	0	0	0.394	0.466
NOD2	TAGAP	9606.ENSP00000300589	9606.ENSP00000356033	0	0	0	0	0.344	0	0	0.233	0.475
NOD2	PTPN22	9606.ENSP00000300589	9606.ENSP00000352833	0	0	0	0	0.126	0	0	0.504	0.548
NOD2	TNFSF15	9606.ENSP00000300589	9606.ENSP00000363157	0	0	0	0	0	0	0	0.678	0.678
NOX4	SLC22A4	9606.ENSP00000263317	9606.ENSP00000200652	0	0	0	0	0	0.140	0	0.061	0.157
NOX4	RPS6KB1	9606.ENSP00000263317	9606.ENSP00000225577	0	0	0	0	0	0	0	0.241	0.240
NOX4	SLC22A5	9606.ENSP00000263317	9606.ENSP00000245407	0	0	0	0	0	0.140	0	0.061	0.157
NOX4	WISP1	9606.ENSP00000263317	9606.ENSP00000250160	0	0	0	0	0	0	0	0.169	0.169
NOX4	SLC7A10	9606.ENSP00000263317	9606.ENSP00000253188	0	0	0	0	0	0.150	0	0.048	0.156
NOX4	SESN3	9606.ENSP00000263317	9606.ENSP00000441927	0	0	0	0	0	0	0	0.157	0.157
NOX4	TH	9606.ENSP00000263317	9606.ENSP00000370571	0	0	0	0	0	0	0	0.168	0.167
NOX4	STAT6	9606.ENSP00000263317	9606.ENSP00000300134	0	0	0	0	0	0	0	0.173	0.173
NOX4	SLC9A3	9606.ENSP00000263317	9606.ENSP00000264938	0	0	0	0	0	0	0	0.192	0.192
NOX4	NRROS	9606.ENSP00000263317	9606.ENSP00000328625	0	0	0	0	0	0.059	0	0.179	0.194
NOX4	PTPRC	9606.ENSP00000263317	9606.ENSP00000411355	0	0	0	0	0	0	0	0.208	0.208
NOX4	PARK7	9606.ENSP00000263317	9606.ENSP00000418770	0	0	0	0	0.062	0	0	0.203	0.220
NOX4	PRDX5	9606.ENSP00000263317	9606.ENSP00000265462	0	0	0	0	0	0	0	0.266	0.266
NOX4	TGFBR2	9606.ENSP00000263317	9606.ENSP00000351905	0	0	0	0	0	0.078	0	0.243	0.272
NOX4	PRKCB	9606.ENSP00000263317	9606.ENSP00000305355	0	0	0	0	0	0	0	0.286	0.286
NOX4	TGFBR1	9606.ENSP00000263317	9606.ENSP00000364133	0	0	0	0	0	0.078	0	0.342	0.368
NOX4	STAT3	9606.ENSP00000263317	9606.ENSP00000264657	0	0	0	0	0	0	0	0.400	0.400
NRROS	TICAM1	9606.ENSP00000328625	9606.ENSP00000248244	0	0	0	0	0.083	0.060	0	0.108	0.163
NRROS	PARP12	9606.ENSP00000328625	9606.ENSP00000263549	0	0	0	0	0.065	0	0	0.152	0.173
NRROS	NTN5	9606.ENSP00000328625	9606.ENSP00000270235	0	0	0	0	0	0.167	0	0	0.167
NRROS	SAMSN1	9606.ENSP00000328625	9606.ENSP00000285670	0	0	0	0	0.267	0	0	0	0.267
NRROS	RAVER1	9606.ENSP00000328625	9606.ENSP00000293677	0	0	0	0	0.076	0.149	0	0	0.180
NRROS	SLU7	9606.ENSP00000328625	9606.ENSP00000297151	0	0	0	0	0	0.151	0	0.055	0.163
NRROS	SNAPC4	9606.ENSP00000328625	9606.ENSP00000298532	0	0	0	0	0	0.166	0	0.047	0.171
NRROS	UBE2E2	9606.ENSP00000328625	9606.ENSP00000379931	0	0	0	0	0	0.059	0	0.134	0.150
NRROS	TRAF1	9606.ENSP00000328625	9606.ENSP00000362994	0	0	0	0	0.139	0.058	0	0.043	0.156
NRROS	RPL3	9606.ENSP00000328625	9606.ENSP00000346001	0	0	0	0	0	0.166	0	0	0.165
NRROS	TGFBR2	9606.ENSP00000328625	9606.ENSP00000351905	0	0	0	0	0.084	0.089	0	0.090	0.175
NRROS	SYK	9606.ENSP00000328625	9606.ENSP00000364907	0	0	0	0	0.138	0.089	0	0	0.181
NRROS	TNFRSF14	9606.ENSP00000328625	9606.ENSP00000347948	0	0	0	0	0.193	0	0	0	0.193
NRROS	RAB5C	9606.ENSP00000328625	9606.ENSP00000447053	0	0	0	0	0	0.097	0	0.148	0.198
NRROS	TAGAP	9606.ENSP00000328625	9606.ENSP00000356033	0	0	0	0	0.211	0	0	0	0.211
NRROS	SERINC3	9606.ENSP00000328625	9606.ENSP00000340243	0	0	0	0	0	0.056	0	0.203	0.215
NRROS	SSTR3	9606.ENSP00000328625	9606.ENSP00000480971	0	0	0	0	0	0	0	0.224	0.224
NRROS	RGS1	9606.ENSP00000328625	9606.ENSP00000356429	0	0	0	0	0.110	0.056	0	0.155	0.229
NRROS	PTPN22	9606.ENSP00000328625	9606.ENSP00000352833	0	0	0	0	0.179	0.148	0	0.043	0.272
NRROS	SUOX	9606.ENSP00000328625	9606.ENSP00000377668	0	0	0	0	0	0.247	0	0.083	0.279
NRROS	RASAL3	9606.ENSP00000328625	9606.ENSP00000341905	0	0	0	0	0.315	0.078	0	0	0.341
NRROS	PTPRC	9606.ENSP00000328625	9606.ENSP00000411355	0	0	0	0	0.281	0.178	0	0.098	0.420
NTN5	SPRED2	9606.ENSP00000270235	9606.ENSP00000348753	0	0	0	0	0	0.056	0	0.147	0.160
OR6K3	SPTA1	9606.ENSP00000357127	9606.ENSP00000357129	0	0	0	0	0	0	0	0.289	0.288
ORMDL3	SLC22A4	9606.ENSP00000377724	9606.ENSP00000200652	0	0	0	0	0	0	0	0.420	0.420
ORMDL3	RPS6KB1	9606.ENSP00000377724	9606.ENSP00000225577	0	0	0	0	0.062	0.157	0	0.142	0.262
ORMDL3	SLC22A5	9606.ENSP00000377724	9606.ENSP00000245407	0	0	0	0	0	0	0	0.631	0.631
ORMDL3	STAT3	9606.ENSP00000377724	9606.ENSP00000264657	0	0	0	0	0	0	0	0.184	0.183
ORMDL3	STAT6	9606.ENSP00000377724	9606.ENSP00000300134	0	0	0	0	0	0	0	0.391	0.390
ORMDL3	TNIP1	9606.ENSP00000377724	9606.ENSP00000317891	0	0	0	0	0.066	0	0	0.211	0.231
ORMDL3	SYNGR1	9606.ENSP00000377724	9606.ENSP00000332287	0	0	0	0	0	0	0	0.193	0.193
ORMDL3	ZPBP2	9606.ENSP00000377724	9606.ENSP00000335384	0	0	0	0	0	0	0	0.828	0.828
ORMDL3	TSLP	9606.ENSP00000377724	9606.ENSP00000339804	0	0	0	0	0	0	0	0.556	0.556
ORMDL3	SERINC3	9606.ENSP00000377724	9606.ENSP00000340243	0	0	0	0	0.062	0	0	0.155	0.173
ORMDL3	RPS26	9606.ENSP00000377724	9606.ENSP00000348849	0	0	0	0	0	0	0	0.497	0.497
ORMDL3	PTPN22	9606.ENSP00000377724	9606.ENSP00000352833	0	0	0	0	0	0	0	0.405	0.405
ORMDL3	TAGAP	9606.ENSP00000377724	9606.ENSP00000356033	0	0	0	0	0	0	0	0.181	0.181
ORMDL3	TNFSF15	9606.ENSP00000377724	9606.ENSP00000363157	0	0	0	0	0	0	0	0.325	0.325
ORMDL3	SP140	9606.ENSP00000377724	9606.ENSP00000375899	0	0	0	0	0	0	0	0.505	0.505
ORMDL3	SUOX	9606.ENSP00000377724	9606.ENSP00000377668	0	0	0	0	0	0	0	0.181	0.181
ORMDL3	UBE2L3	9606.ENSP00000377724	9606.ENSP00000400906	0	0	0	0	0	0	0	0.169	0.169
ORMDL3	PLCL1	9606.ENSP00000377724	9606.ENSP00000402861	0	0	0	0	0	0	0	0.189	0.189
ORMDL3	WDR36	9606.ENSP00000377724	9606.ENSP00000423067	0	0	0	0	0	0	0	0.505	0.505
OS9	SDF2L1	9606.ENSP00000318165	9606.ENSP00000248958	0	0	0	0	0.136	0.245	0	0.101	0.362
OS9	SLU7	9606.ENSP00000318165	9606.ENSP00000297151	0	0	0	0	0.174	0	0	0	0.173
OS9	STAT6	9606.ENSP00000318165	9606.ENSP00000300134	0	0	0	0	0	0	0	0.261	0.261
OS9	RNFT1	9606.ENSP00000318165	9606.ENSP00000304670	0	0	0	0	0.089	0.288	0	0.241	0.464
OS9	ZPBP2	9606.ENSP00000318165	9606.ENSP00000335384	0	0	0	0	0	0.273	0	0	0.273
OSMR	STAT3	9606.ENSP00000274276	9606.ENSP00000264657	0	0	0	0	0.064	0	0	0.565	0.576
OSMR	PLAU	9606.ENSP00000274276	9606.ENSP00000361850	0	0	0	0	0.110	0	0	0.090	0.156
OSMR	P4HA2	9606.ENSP00000274276	9606.ENSP00000384999	0	0	0	0	0.111	0	0	0.113	0.177
OSMR	TNFSF15	9606.ENSP00000274276	9606.ENSP00000363157	0	0	0	0	0	0	0	0.177	0.177
OSMR	STAT6	9606.ENSP00000274276	9606.ENSP00000300134	0	0	0	0	0.062	0	0	0.227	0.244
OSMR	PTPRC	9606.ENSP00000274276	9606.ENSP00000411355	0	0	0	0	0.062	0.078	0	0.199	0.247
OSMR	TSLP	9606.ENSP00000274276	9606.ENSP00000339804	0	0	0	0	0	0	0.600	0.157	0.648
P4HA2	SLC22A4	9606.ENSP00000384999	9606.ENSP00000200652	0	0	0	0	0	0	0	0.541	0.541
P4HA2	RASIP1	9606.ENSP00000384999	9606.ENSP00000222145	0	0	0	0	0.062	0	0	0.151	0.169
P4HA2	SLC22A5	9606.ENSP00000384999	9606.ENSP00000245407	0	0	0	0	0	0	0	0.678	0.678
P4HA2	PPP1R3B	9606.ENSP00000384999	9606.ENSP00000308318	0	0	0	0	0.064	0	0	0.139	0.160
PADI4	SLC22A4	9606.ENSP00000364597	9606.ENSP00000200652	0	0	0	0	0	0	0	0.524	0.524
PADI4	TICAM1	9606.ENSP00000364597	9606.ENSP00000248244	0	0	0	0	0	0	0	0.159	0.159
PADI4	PPBP	9606.ENSP00000364597	9606.ENSP00000296028	0	0	0	0	0.127	0	0	0.181	0.254
PADI4	PF4	9606.ENSP00000364597	9606.ENSP00000296029	0	0	0	0	0.098	0	0	0.188	0.236
PADI4	TNFRSF14	9606.ENSP00000364597	9606.ENSP00000347948	0	0	0	0	0	0	0	0.398	0.398
PADI4	SPRED2	9606.ENSP00000364597	9606.ENSP00000348753	0	0	0	0	0	0	0	0.244	0.243
PADI4	PTPN22	9606.ENSP00000364597	9606.ENSP00000352833	0	0	0	0	0.068	0	0	0.899	0.902
PADI4	TAGAP	9606.ENSP00000364597	9606.ENSP00000356033	0	0	0	0	0.095	0	0	0.210	0.254
PADI4	TRAF1	9606.ENSP00000364597	9606.ENSP00000362994	0	0	0	0	0	0	0	0.574	0.574
PADI4	SYK	9606.ENSP00000364597	9606.ENSP00000364907	0	0	0	0	0.076	0	0	0.141	0.172
PADI4	PTPRC	9606.ENSP00000364597	9606.ENSP00000411355	0	0	0	0	0.088	0	0	0.160	0.201
PADI6	RPS6KA4	9606.ENSP00000483125	9606.ENSP00000333896	0	0	0	0	0	0	0	0.231	0.231
PADI6	PTPN22	9606.ENSP00000483125	9606.ENSP00000352833	0	0	0	0	0	0	0	0.194	0.194
PADI6	TH	9606.ENSP00000483125	9606.ENSP00000370571	0	0	0	0	0.060	0	0	0.248	0.263
PARK7	PLIN3	9606.ENSP00000418770	9606.ENSP00000221957	0	0	0	0	0.086	0	0.500	0	0.523
PARK7	RAB3A	9606.ENSP00000418770	9606.ENSP00000222256	0	0	0	0	0	0.173	0	0.152	0.269
PARK7	STAT3	9606.ENSP00000418770	9606.ENSP00000264657	0	0	0	0	0	0	0	0.181	0.181
PARK7	PRDX5	9606.ENSP00000418770	9606.ENSP00000265462	0	0	0	0	0.133	0.825	0	0.360	0.894
PARK7	PRKCB	9606.ENSP00000418770	9606.ENSP00000305355	0	0	0	0	0	0	0	0.201	0.201
PARK7	TUBD1	9606.ENSP00000418770	9606.ENSP00000320797	0	0	0	0	0	0.152	0	0	0.151
PARK7	RPL3	9606.ENSP00000418770	9606.ENSP00000346001	0	0	0	0	0.171	0.184	0	0.107	0.343
PARK7	RPS26	9606.ENSP00000418770	9606.ENSP00000348849	0	0	0	0	0.096	0.213	0	0	0.258
PARK7	RAB5B	9606.ENSP00000418770	9606.ENSP00000353444	0	0	0	0	0.045	0.173	0	0.123	0.247
PARK7	TH	9606.ENSP00000418770	9606.ENSP00000370571	0	0	0	0	0	0	0	0.777	0.778
PARK7	UBE2E2	9606.ENSP00000418770	9606.ENSP00000379931	0	0	0	0	0	0	0	0.307	0.307
PARK7	UBE2L3	9606.ENSP00000418770	9606.ENSP00000400906	0	0	0	0	0.076	0	0	0.261	0.287
PARK7	PHOSPHO1	9606.ENSP00000418770	9606.ENSP00000406909	0	0	0	0	0	0.182	0	0	0.181
PARK7	RAB5C	9606.ENSP00000418770	9606.ENSP00000447053	0	0	0	0	0.058	0.139	0	0	0.154
PARK7	TMEM258	9606.ENSP00000418770	9606.ENSP00000443216	0	0	0	0	0.189	0	0	0	0.189
PARK7	TRMT112	9606.ENSP00000418770	9606.ENSP00000438349	0	0	0	0	0.203	0	0	0	0.203
PARP12	RASIP1	9606.ENSP00000263549	9606.ENSP00000222145	0	0	0	0	0	0	0	0.217	0.217
PARP12	TICAM1	9606.ENSP00000263549	9606.ENSP00000248244	0	0	0	0	0.106	0.182	0	0.072	0.262
PARP12	SP110	9606.ENSP00000263549	9606.ENSP00000258381	0	0	0	0	0.549	0	0	0.088	0.571
PARP12	TRAT1	9606.ENSP00000263549	9606.ENSP00000295756	0	0	0	0	0.061	0	0	0.134	0.152
PARP12	ZFP36L1	9606.ENSP00000263549	9606.ENSP00000388402	0	0	0	0	0	0	0	0.155	0.155
PARP12	STAT6	9606.ENSP00000263549	9606.ENSP00000300134	0	0	0	0	0.096	0	0	0.125	0.175
PARP12	SP140	9606.ENSP00000263549	9606.ENSP00000375899	0	0	0	0	0.108	0	0	0.118	0.180
PARP12	RGS1	9606.ENSP00000263549	9606.ENSP00000356429	0	0	0	0	0	0	0	0.223	0.223
PF4	STAT3	9606.ENSP00000296029	9606.ENSP00000264657	0	0	0	0	0.053	0	0	0.261	0.271
PF4	PPBP	9606.ENSP00000296029	9606.ENSP00000296028	0	0	0	0.886	0.786	0	0.300	0.914	0.860
PF4	TNFSF14	9606.ENSP00000296029	9606.ENSP00000469049	0	0	0	0	0	0	0	0.181	0.181
PF4	PLAU	9606.ENSP00000296029	9606.ENSP00000361850	0	0	0	0	0	0	0	0.258	0.258
PF4	SYK	9606.ENSP00000296029	9606.ENSP00000364907	0	0	0	0	0.089	0	0	0.334	0.368
PF4	PTPRC	9606.ENSP00000296029	9606.ENSP00000411355	0	0	0	0	0.096	0	0	0.395	0.429
PFDN4	RPS6KB1	9606.ENSP00000360473	9606.ENSP00000225577	0	0	0	0	0.126	0.081	0	0	0.162
PFDN4	PRDX5	9606.ENSP00000360473	9606.ENSP00000265462	0	0	0	0	0.063	0	0	0.139	0.159
PFDN4	TUBD1	9606.ENSP00000360473	9606.ENSP00000320797	0	0	0	0	0.084	0.164	0	0.060	0.217
PFDN4	POLR2E	9606.ENSP00000360473	9606.ENSP00000478303	0	0	0	0	0.183	0.143	0	0.786	0.837
PHF19	WIZ	9606.ENSP00000483946	9606.ENSP00000263381	0	0	0	0	0.062	0	0	0.152	0.171
PHF19	PTPN22	9606.ENSP00000483946	9606.ENSP00000352833	0	0	0	0	0.103	0.067	0	0.218	0.288
PHF19	TRAF1	9606.ENSP00000483946	9606.ENSP00000362994	0	0	0	0	0.076	0	0	0.390	0.412
PHF19	PTTG1	9606.ENSP00000483946	9606.ENSP00000377536	0	0	0	0	0.110	0	0	0.136	0.198
PHF19	SESN3	9606.ENSP00000483946	9606.ENSP00000441927	0	0	0	0	0	0	0	0.370	0.370
PHOSPHO1	PPP1R3B	9606.ENSP00000406909	9606.ENSP00000308318	0	0	0	0	0.062	0	0	0.131	0.150
PIK3R2	PTPRC	9606.ENSP00000222254	9606.ENSP00000411355	0	0	0	0	0	0.095	0	0.106	0.156
PIK3R2	ZNF335	9606.ENSP00000222254	9606.ENSP00000325326	0	0	0	0	0.062	0	0	0.147	0.165
PIK3R2	TOM1	9606.ENSP00000222254	9606.ENSP00000413697	0	0	0	0	0.062	0	0	0.167	0.185
PIK3R2	RPS6KA4	9606.ENSP00000222254	9606.ENSP00000333896	0	0	0	0	0.113	0	0	0.148	0.213
PIK3R2	PRKCB	9606.ENSP00000222254	9606.ENSP00000305355	0	0	0	0	0	0	0	0.291	0.291
PIK3R2	SPRED2	9606.ENSP00000222254	9606.ENSP00000348753	0	0	0	0	0.062	0	0	0.295	0.310
PIK3R2	TGFBR1	9606.ENSP00000222254	9606.ENSP00000364133	0	0	0	0	0	0.316	0	0.143	0.389
PIK3R2	STAT3	9606.ENSP00000222254	9606.ENSP00000264657	0	0	0	0	0	0.280	0	0.218	0.412
PIK3R2	RPS6KB1	9606.ENSP00000222254	9606.ENSP00000225577	0	0	0	0	0.071	0	0	0.466	0.483
PIK3R2	TRAT1	9606.ENSP00000222254	9606.ENSP00000295756	0	0	0	0	0	0	0.500	0.081	0.520
PIK3R2	TGFBR2	9606.ENSP00000222254	9606.ENSP00000351905	0	0	0	0	0	0.867	0	0.148	0.882
PIK3R2	SYK	9606.ENSP00000222254	9606.ENSP00000364907	0	0	0	0	0	0.243	0.800	0.466	0.912
PKD1L3	SLC9A4	9606.ENSP00000480090	9606.ENSP00000295269	0	0	0	0	0	0	0	0.200	0.200
PKD1L3	SYNGR1	9606.ENSP00000480090	9606.ENSP00000332287	0	0	0	0	0	0	0	0.248	0.248
PKD1L3	TRMT112	9606.ENSP00000480090	9606.ENSP00000438349	0	0	0	0	0.230	0	0	0	0.229
PKIA	SOX8	9606.ENSP00000379696	9606.ENSP00000293894	0	0	0	0	0.097	0	0	0.113	0.165
PKIA	SPRED2	9606.ENSP00000379696	9606.ENSP00000348753	0	0	0	0	0	0	0	0.201	0.201
PKIA	PKIG	9606.ENSP00000379696	9606.ENSP00000361980	0	0	0	0	0	0	0	0.576	0.576
PKIG	ZNF335	9606.ENSP00000361980	9606.ENSP00000325326	0	0	0	0	0	0	0	0.205	0.205
PLAU	PLGRKT	9606.ENSP00000361850	9606.ENSP00000223864	0	0	0	0	0	0	0	0.404	0.404
PLAU	RPS6KB1	9606.ENSP00000361850	9606.ENSP00000225577	0	0	0	0	0	0	0	0.157	0.156
PLAU	TICAM1	9606.ENSP00000361850	9606.ENSP00000248244	0	0	0	0	0.069	0	0	0.137	0.162
PLAU	WISP1	9606.ENSP00000361850	9606.ENSP00000250160	0	0	0	0	0.076	0	0	0.149	0.180
PLAU	STAT3	9606.ENSP00000361850	9606.ENSP00000264657	0	0	0	0	0	0	0	0.413	0.412
PLAU	PPBP	9606.ENSP00000361850	9606.ENSP00000296028	0	0	0	0	0	0	0	0.174	0.174
PLAU	TGFBR2	9606.ENSP00000361850	9606.ENSP00000351905	0	0	0	0	0.095	0.056	0	0.275	0.326
PLAU	SYK	9606.ENSP00000361850	9606.ENSP00000364907	0	0	0	0	0	0.056	0	0.160	0.173
PLAU	TRAF1	9606.ENSP00000361850	9606.ENSP00000362994	0	0	0	0	0	0	0	0.195	0.195
PLAU	PTPRC	9606.ENSP00000361850	9606.ENSP00000411355	0	0	0	0	0	0.056	0	0.189	0.201
PLAU	TGFBR1	9606.ENSP00000361850	9606.ENSP00000364133	0	0	0	0	0	0.056	0	0.291	0.302
PLCL1	SLC22A4	9606.ENSP00000402861	9606.ENSP00000200652	0	0	0	0	0	0	0	0.152	0.152
PLCL1	PRKCB	9606.ENSP00000402861	9606.ENSP00000305355	0	0	0	0	0.108	0.069	0	0.086	0.175
PLCL1	PTPN22	9606.ENSP00000402861	9606.ENSP00000352833	0	0	0	0	0.048	0.057	0	0.209	0.227
PLCL1	SYK	9606.ENSP00000402861	9606.ENSP00000364907	0	0	0	0	0.062	0.097	0	0.107	0.177
PLCL1	UBE2L3	9606.ENSP00000402861	9606.ENSP00000400906	0	0	0	0	0.083	0	0	0.148	0.186
PLEKHH2	ZFP36L1	9606.ENSP00000282406	9606.ENSP00000388402	0	0	0	0	0	0	0	0.159	0.158
PLEKHH2	THADA	9606.ENSP00000282406	9606.ENSP00000385995	0	0	0	0	0	0	0	0.293	0.293
PLGRKT	SP140	9606.ENSP00000223864	9606.ENSP00000375899	0	0	0	0	0	0	0	0.256	0.256
PLGRKT	SUOX	9606.ENSP00000223864	9606.ENSP00000377668	0	0	0	0	0	0	0	0.275	0.275
PLGRKT	THADA	9606.ENSP00000223864	9606.ENSP00000385995	0	0	0	0	0	0	0	0.280	0.280
PLGRKT	RAB5B	9606.ENSP00000223864	9606.ENSP00000353444	0	0	0	0	0.115	0	0	0.233	0.292
PLIN3	RAB5C	9606.ENSP00000221957	9606.ENSP00000447053	0	0	0	0	0.044	0	0	0.227	0.229
PMEL	STAT3	9606.ENSP00000402758	9606.ENSP00000264657	0	0	0	0	0	0	0	0.271	0.271
PMEL	TCF7	9606.ENSP00000402758	9606.ENSP00000340347	0	0	0	0	0.100	0	0	0.185	0.235
PMEL	TNFRSF14	9606.ENSP00000402758	9606.ENSP00000347948	0	0	0	0	0	0	0	0.219	0.219
PMEL	RAB5B	9606.ENSP00000402758	9606.ENSP00000353444	0	0	0	0	0	0	0	0.212	0.212
PMEL	PTTG1	9606.ENSP00000402758	9606.ENSP00000377536	0	0	0	0	0.107	0	0	0.117	0.177
PMEL	SUOX	9606.ENSP00000402758	9606.ENSP00000377668	0	0	0	0	0	0	0	0.329	0.329
PMEL	PVR	9606.ENSP00000402758	9606.ENSP00000402060	0	0	0	0	0	0	0	0.170	0.169
PMEL	SSTR3	9606.ENSP00000402758	9606.ENSP00000480971	0	0	0	0	0	0	0	0.249	0.248
PMEL	PTPRC	9606.ENSP00000402758	9606.ENSP00000411355	0	0	0	0	0	0	0	0.459	0.459
PMPCA	SNAPC4	9606.ENSP00000360782	9606.ENSP00000298532	0	0	0	0	0.138	0	0	0.497	0.548
PMPCA	PRELID1	9606.ENSP00000360782	9606.ENSP00000302114	0	0	0	0	0.100	0	0	0.151	0.203
PMPCA	RPL3	9606.ENSP00000360782	9606.ENSP00000346001	0	0	0	0	0.144	0.067	0	0	0.167
PMPCA	POLR2E	9606.ENSP00000360782	9606.ENSP00000478303	0	0	0	0	0.148	0	0	0.067	0.171
PMPCA	WDR36	9606.ENSP00000360782	9606.ENSP00000423067	0	0	0	0	0.068	0.526	0	0	0.539
POLR2E	RPS6KB1	9606.ENSP00000478303	9606.ENSP00000225577	0	0	0	0	0.062	0	0	0.162	0.180
POLR2E	SNAPC4	9606.ENSP00000478303	9606.ENSP00000298532	0	0	0	0	0.065	0	0.600	0	0.610
POLR2E	PRELID1	9606.ENSP00000478303	9606.ENSP00000302114	0	0	0	0	0.223	0	0	0	0.223
POLR2E	PPP1R3B	9606.ENSP00000478303	9606.ENSP00000308318	0	0	0	0	0	0	0	0.337	0.337
POLR2E	RPL3	9606.ENSP00000478303	9606.ENSP00000346001	0	0	0	0	0.087	0	0	0.125	0.167
POLR2E	TOM1	9606.ENSP00000478303	9606.ENSP00000413697	0	0	0	0	0	0	0	0.248	0.248
POLR2E	WDR36	9606.ENSP00000478303	9606.ENSP00000423067	0	0	0	0	0.154	0	0	0	0.154
POLR2E	TRMT112	9606.ENSP00000478303	9606.ENSP00000438349	0	0	0	0	0.678	0	0	0	0.678
PPBP	STAT3	9606.ENSP00000296028	9606.ENSP00000264657	0	0	0	0	0.062	0	0	0.318	0.333
PPBP	TNFSF15	9606.ENSP00000296028	9606.ENSP00000363157	0	0	0	0	0.062	0	0	0.132	0.151
PPBP	STAT6	9606.ENSP00000296028	9606.ENSP00000300134	0	0	0	0	0.053	0	0	0.160	0.171
PPBP	TAGAP	9606.ENSP00000296028	9606.ENSP00000356033	0	0	0	0	0.180	0	0	0	0.179
PPBP	PTPRC	9606.ENSP00000296028	9606.ENSP00000411355	0	0	0	0	0.139	0	0	0.308	0.378
PPBP	TSLP	9606.ENSP00000296028	9606.ENSP00000339804	0	0	0	0	0	0	0	0.432	0.432
PPIL2	SDF2L1	9606.ENSP00000334553	9606.ENSP00000248958	0	0	0	0	0	0.108	0	0.197	0.253
PPIL2	RAVER1	9606.ENSP00000334553	9606.ENSP00000293677	0	0	0	0	0.081	0.140	0	0.053	0.186
PPIL2	SLU7	9606.ENSP00000334553	9606.ENSP00000297151	0	0	0	0	0.146	0	0	0.242	0.325
PPIL2	SNAPC4	9606.ENSP00000334553	9606.ENSP00000298532	0	0	0	0	0.066	0.203	0	0.058	0.237
PPIL2	RPS6KA4	9606.ENSP00000334553	9606.ENSP00000333896	0	0	0	0	0.076	0	0	0.253	0.280
PPIL2	RPL3	9606.ENSP00000334553	9606.ENSP00000346001	0	0	0	0	0.066	0.155	0	0.048	0.183
PPIL2	UBE2L3	9606.ENSP00000334553	9606.ENSP00000400906	0	0	0	0	0	0.102	0	0.182	0.234
PPP1R3B	ZNF335	9606.ENSP00000308318	9606.ENSP00000325326	0	0	0	0	0	0.056	0	0.180	0.192
PPP1R3B	RBM17	9606.ENSP00000308318	9606.ENSP00000388638	0	0	0	0	0	0	0	0.248	0.248
PPP1R3B	TMEM258	9606.ENSP00000308318	9606.ENSP00000443216	0	0	0	0	0	0	0	0.293	0.293
PRDX5	STAT3	9606.ENSP00000265462	9606.ENSP00000264657	0	0	0	0	0	0	0	0.453	0.453
PRDX5	TEX40	9606.ENSP00000265462	9606.ENSP00000443917	0	0	0	0	0	0	0	0.175	0.175
PRDX5	RPL3	9606.ENSP00000265462	9606.ENSP00000346001	0.114	0	0	0	0.073	0	0	0.125	0.218
PRDX5	TRMT112	9606.ENSP00000265462	9606.ENSP00000438349	0	0	0	0	0.097	0	0	0.527	0.555
PRELID1	SLC15A4	9606.ENSP00000302114	9606.ENSP00000266771	0	0	0	0	0	0.394	0	0	0.394
PRELID1	STAT6	9606.ENSP00000302114	9606.ENSP00000300134	0	0	0	0	0	0	0	0.413	0.412
PRELID1	TRMT112	9606.ENSP00000302114	9606.ENSP00000438349	0	0	0	0	0.065	0	0	0.206	0.225
PRELID1	RAB24	9606.ENSP00000302114	9606.ENSP00000304376	0	0	0	0	0.081	0	0	0.371	0.397
PRKCB	RASIP1	9606.ENSP00000305355	9606.ENSP00000222145	0	0	0	0	0.062	0.102	0	0.078	0.156
PRKCB	RPS6KB1	9606.ENSP00000305355	9606.ENSP00000225577	0	0	0	0.808	0	0	0.900	0.259	0.904
PRKCB	STAT3	9606.ENSP00000305355	9606.ENSP00000264657	0	0	0	0	0	0	0	0.321	0.321
PRKCB	SLC15A4	9606.ENSP00000305355	9606.ENSP00000266771	0	0	0	0	0.064	0	0	0.134	0.155
PRKCB	SAMSN1	9606.ENSP00000305355	9606.ENSP00000285670	0	0	0	0	0.158	0	0	0	0.157
PRKCB	RAVER1	9606.ENSP00000305355	9606.ENSP00000293677	0	0	0	0	0	0.115	0	0.082	0.152
PRKCB	TRAF1	9606.ENSP00000305355	9606.ENSP00000362994	0	0	0	0	0.074	0.064	0	0.102	0.153
PRKCB	SLC12A5	9606.ENSP00000305355	9606.ENSP00000387694	0	0	0	0	0.091	0	0	0.115	0.162
PRKCB	ZNF300	9606.ENSP00000305355	9606.ENSP00000397178	0	0	0	0	0	0	0	0.164	0.164
PRKCB	RGS1	9606.ENSP00000305355	9606.ENSP00000356429	0	0	0	0	0.111	0.057	0	0.084	0.165
PRKCB	TCF7	9606.ENSP00000305355	9606.ENSP00000340347	0	0	0	0	0.077	0	0	0.140	0.172
PRKCB	SSTR3	9606.ENSP00000305355	9606.ENSP00000480971	0	0	0	0	0.151	0.056	0	0.050	0.173
PRKCB	TGFBR2	9606.ENSP00000305355	9606.ENSP00000351905	0	0	0	0	0	0.061	0	0.166	0.183
PRKCB	TGFBR1	9606.ENSP00000305355	9606.ENSP00000364133	0	0	0	0	0	0.061	0	0.166	0.183
PRKCB	RPS6KA4	9606.ENSP00000305355	9606.ENSP00000333896	0	0	0	0.728	0	0.198	0	0.066	0.203
PRKCB	RASAL3	9606.ENSP00000305355	9606.ENSP00000341905	0	0	0	0	0.159	0.168	0	0	0.271
PRKCB	SYK	9606.ENSP00000305355	9606.ENSP00000364907	0	0	0	0.562	0.083	0.061	0	0.623	0.341
PRKCB	PTPRC	9606.ENSP00000305355	9606.ENSP00000411355	0	0	0	0	0.179	0	0	0.257	0.363
PRKCB	SPTA1	9606.ENSP00000305355	9606.ENSP00000357129	0	0	0	0	0.086	0	0.360	0.048	0.394
PRKCB	TNFRSF11A	9606.ENSP00000305355	9606.ENSP00000465500	0	0	0	0	0	0	0	0.464	0.464
PTPN22	SLC22A4	9606.ENSP00000352833	9606.ENSP00000200652	0	0	0	0	0.051	0	0	0.504	0.509
PTPN22	SLC22A5	9606.ENSP00000352833	9606.ENSP00000245407	0	0	0	0	0.051	0	0	0.159	0.167
PTPN22	STAT3	9606.ENSP00000352833	9606.ENSP00000264657	0	0	0	0	0.066	0.062	0	0.332	0.364
PTPN22	SLC15A4	9606.ENSP00000352833	9606.ENSP00000266771	0	0	0	0	0.062	0	0	0.267	0.283
PTPN22	SAMSN1	9606.ENSP00000352833	9606.ENSP00000285670	0	0	0	0	0.181	0.061	0	0	0.198
PTPN22	TRAT1	9606.ENSP00000352833	9606.ENSP00000295756	0	0	0	0	0.182	0	0	0.115	0.246
PTPN22	STAT6	9606.ENSP00000352833	9606.ENSP00000300134	0	0	0	0	0.100	0.062	0	0.146	0.216
PTPN22	TNIP1	9606.ENSP00000352833	9606.ENSP00000317891	0	0	0	0	0	0	0	0.518	0.518
PTPN22	ZPBP2	9606.ENSP00000352833	9606.ENSP00000335384	0	0	0	0	0	0	0	0.213	0.213
PTPN22	TCF7	9606.ENSP00000352833	9606.ENSP00000340347	0	0	0	0	0.062	0	0	0.213	0.230
PTPN22	RASAL3	9606.ENSP00000352833	9606.ENSP00000341905	0	0	0	0	0.164	0.076	0	0	0.194
PTPN22	TNFRSF14	9606.ENSP00000352833	9606.ENSP00000347948	0	0	0	0	0.109	0.070	0	0.306	0.375
PTPN22	SPRED2	9606.ENSP00000352833	9606.ENSP00000348753	0	0	0	0	0	0.130	0	0.333	0.394
PTPN22	TNFRSF11A	9606.ENSP00000352833	9606.ENSP00000465500	0	0	0	0	0	0	0	0.150	0.150
PTPN22	SP140	9606.ENSP00000352833	9606.ENSP00000375899	0	0	0	0	0.140	0.056	0	0	0.153
PTPN22	PTTG1	9606.ENSP00000352833	9606.ENSP00000377536	0	0	0	0	0	0	0	0.167	0.167
PTPN22	THADA	9606.ENSP00000352833	9606.ENSP00000385995	0	0	0	0	0	0	0	0.177	0.177
PTPN22	TPD52	9606.ENSP00000352833	9606.ENSP00000429309	0	0	0	0	0.062	0	0	0.196	0.213
PTPN22	ZFP36L1	9606.ENSP00000352833	9606.ENSP00000388402	0	0	0	0	0.064	0.147	0	0.152	0.264
PTPN22	TNFSF15	9606.ENSP00000352833	9606.ENSP00000363157	0	0	0	0	0	0.057	0	0.285	0.296
PTPN22	SPTA1	9606.ENSP00000352833	9606.ENSP00000357129	0	0	0	0	0.056	0.270	0	0.070	0.303
PTPN22	RGS1	9606.ENSP00000352833	9606.ENSP00000356429	0	0	0	0	0.165	0.056	0	0.270	0.374
PTPN22	UBE2L3	9606.ENSP00000352833	9606.ENSP00000400906	0	0	0	0	0	0	0	0.391	0.390
PTPN22	SYK	9606.ENSP00000352833	9606.ENSP00000364907	0	0	0	0	0.209	0.078	0	0.378	0.507
PTPN22	TAGAP	9606.ENSP00000352833	9606.ENSP00000356033	0	0	0	0	0.286	0	0	0.460	0.598
PTPN22	PTPRC	9606.ENSP00000352833	9606.ENSP00000411355	0	0	0	0.637	0.550	0.163	0	0.401	0.661
PTPN22	TRAF1	9606.ENSP00000352833	9606.ENSP00000362994	0	0	0	0	0.106	0.056	0	0.706	0.730
PTPRC	RPS6KB1	9606.ENSP00000411355	9606.ENSP00000225577	0	0	0	0	0.062	0	0	0.307	0.322
PTPRC	TICAM1	9606.ENSP00000411355	9606.ENSP00000248244	0	0	0	0	0	0	0	0.175	0.175
PTPRC	SP110	9606.ENSP00000411355	9606.ENSP00000258381	0	0	0	0	0.161	0.056	0	0	0.174
PTPRC	STAT3	9606.ENSP00000411355	9606.ENSP00000264657	0	0	0	0	0.062	0.062	0	0.763	0.774
PTPRC	SAMSN1	9606.ENSP00000411355	9606.ENSP00000285670	0	0	0	0	0.548	0.078	0	0.073	0.580
PTPRC	RETNLB	9606.ENSP00000411355	9606.ENSP00000295755	0	0	0	0	0.062	0	0	0.413	0.425
PTPRC	TRAT1	9606.ENSP00000411355	9606.ENSP00000295756	0	0	0	0	0.232	0	0	0.125	0.300
PTPRC	STAT6	9606.ENSP00000411355	9606.ENSP00000300134	0	0	0	0	0.107	0.062	0	0.476	0.523
PTPRC	TSLP	9606.ENSP00000411355	9606.ENSP00000339804	0	0	0	0	0	0	0	0.501	0.501
PTPRC	TCF7	9606.ENSP00000411355	9606.ENSP00000340347	0	0	0	0	0.087	0	0	0.372	0.402
PTPRC	RASAL3	9606.ENSP00000411355	9606.ENSP00000341905	0	0	0	0	0.378	0.058	0	0.071	0.409
PTPRC	TNFRSF14	9606.ENSP00000411355	9606.ENSP00000347948	0	0	0	0	0.186	0.070	0	0.335	0.452
PTPRC	SPRED2	9606.ENSP00000411355	9606.ENSP00000348753	0	0	0	0	0	0.182	0	0.128	0.256
PTPRC	TGFBR2	9606.ENSP00000411355	9606.ENSP00000351905	0	0	0	0	0.083	0.078	0	0.391	0.440
PTPRC	TAGAP	9606.ENSP00000411355	9606.ENSP00000356033	0	0	0	0	0.575	0	0	0.134	0.616
PTPRC	RGS1	9606.ENSP00000411355	9606.ENSP00000356429	0	0	0	0	0.338	0.056	0	0.165	0.433
PTPRC	THEMIS	9606.ENSP00000411355	9606.ENSP00000357231	0	0	0	0	0.162	0	0	0.060	0.179
PTPRC	TRAF1	9606.ENSP00000411355	9606.ENSP00000362994	0	0	0	0	0.157	0.056	0	0.245	0.347
PTPRC	TNFSF15	9606.ENSP00000411355	9606.ENSP00000363157	0	0	0	0	0.060	0.057	0	0.213	0.241
PTPRC	TGFBR1	9606.ENSP00000411355	9606.ENSP00000364133	0	0	0	0	0.062	0.078	0	0.348	0.387
PTPRC	SYK	9606.ENSP00000411355	9606.ENSP00000364907	0	0	0	0	0.252	0.078	0	0.571	0.679
PTPRC	TH	9606.ENSP00000411355	9606.ENSP00000370571	0	0	0	0	0	0	0	0.286	0.286
PTPRC	SP140	9606.ENSP00000411355	9606.ENSP00000375899	0	0	0	0	0.233	0.056	0	0.063	0.262
PTPRC	ZFP36L1	9606.ENSP00000411355	9606.ENSP00000388402	0	0	0	0	0.064	0.104	0	0.113	0.191
PTPRC	PVR	9606.ENSP00000411355	9606.ENSP00000402060	0	0	0	0	0	0	0	0.244	0.243
PTPRC	TNFSF14	9606.ENSP00000411355	9606.ENSP00000469049	0	0	0	0	0.137	0	0	0.210	0.289
PTPRC	TNFRSF11A	9606.ENSP00000411355	9606.ENSP00000465500	0	0	0	0	0.062	0	0	0.489	0.500
PTTG1	STAT3	9606.ENSP00000377536	9606.ENSP00000264657	0	0	0	0	0	0	0	0.194	0.194
PTTG1	SLU7	9606.ENSP00000377536	9606.ENSP00000297151	0	0	0	0	0	0	0	0.210	0.210
PTTG1	TNIP1	9606.ENSP00000377536	9606.ENSP00000317891	0	0	0	0	0	0	0	0.325	0.325
PTTG1	RPS6KA4	9606.ENSP00000377536	9606.ENSP00000333896	0	0	0	0	0	0	0	0.154	0.154
PTTG1	TPD52	9606.ENSP00000377536	9606.ENSP00000429309	0	0	0	0	0	0	0	0.152	0.152
PTTG1	UBE2L3	9606.ENSP00000377536	9606.ENSP00000400906	0	0	0	0	0.083	0	0	0.284	0.315
PVR	TICAM1	9606.ENSP00000402060	9606.ENSP00000248244	0	0	0	0	0.069	0	0	0.549	0.562
PVR	STAT3	9606.ENSP00000402060	9606.ENSP00000264657	0	0	0	0	0	0.129	0	0.227	0.298
PVR	STAT6	9606.ENSP00000402060	9606.ENSP00000300134	0	0	0	0	0	0	0	0.152	0.152
PVR	TNFRSF14	9606.ENSP00000402060	9606.ENSP00000347948	0	0	0	0	0	0	0	0.518	0.518
PVR	RAB5B	9606.ENSP00000402060	9606.ENSP00000353444	0	0	0	0	0	0.257	0	0.059	0.270
PVR	SPTA1	9606.ENSP00000402060	9606.ENSP00000357129	0	0	0	0	0	0	0	0.224	0.224
PVR	TNFSF14	9606.ENSP00000402060	9606.ENSP00000469049	0	0	0	0	0	0	0	0.168	0.168
RAB24	RAB3A	9606.ENSP00000304376	9606.ENSP00000222256	0	0	0.403	0.786	0	0	0	0.329	0.175
RAB24	RPS6KB1	9606.ENSP00000304376	9606.ENSP00000225577	0	0	0	0	0.083	0.056	0	0.151	0.201
RAB3A	SOX8	9606.ENSP00000222256	9606.ENSP00000293894	0	0	0	0	0.154	0	0	0	0.154
RAB3A	RASAL3	9606.ENSP00000222256	9606.ENSP00000341905	0	0	0	0	0	0.159	0	0	0.158
RAB3A	RIMBP3C	9606.ENSP00000222256	9606.ENSP00000390630	0	0	0	0	0.063	0	0	0.140	0.159
RAB3A	WIZ	9606.ENSP00000222256	9606.ENSP00000263381	0	0	0	0	0	0	0	0.174	0.173
RAB3A	RAB5B	9606.ENSP00000222256	9606.ENSP00000353444	0	0	0.441	0.833	0	0	0	0.509	0.180
RAB3A	RAB5C	9606.ENSP00000222256	9606.ENSP00000447053	0	0	0.443	0.825	0	0	0	0.502	0.186
RAB3A	SLITRK1	9606.ENSP00000222256	9606.ENSP00000366288	0	0	0	0	0.202	0	0	0	0.202
RAB3A	TH	9606.ENSP00000222256	9606.ENSP00000370571	0	0	0	0	0.079	0	0	0.185	0.218
RAB3A	SLC12A5	9606.ENSP00000222256	9606.ENSP00000387694	0	0	0	0	0.308	0	0	0.058	0.321
RAB3A	SYNGR1	9606.ENSP00000222256	9606.ENSP00000332287	0	0	0	0	0.263	0	0	0.403	0.542
RAB5B	RPS26	9606.ENSP00000353444	9606.ENSP00000348849	0	0	0	0	0	0	0	0.284	0.284
RAB5B	TGFBR1	9606.ENSP00000353444	9606.ENSP00000364133	0	0	0	0	0	0.140	0	0.067	0.163
RAB5B	SUOX	9606.ENSP00000353444	9606.ENSP00000377668	0	0	0	0	0.062	0	0	0.613	0.621
RAB5B	THADA	9606.ENSP00000353444	9606.ENSP00000385995	0	0	0	0	0	0	0	0.684	0.684
RAB5B	RAB5C	9606.ENSP00000353444	9606.ENSP00000447053	0	0	0.449	0.980	0.108	0.065	0.800	0.769	0.822
RAB5C	SYNGR1	9606.ENSP00000447053	9606.ENSP00000332287	0	0	0	0	0	0	0	0.263	0.263
RAB5C	TGFBR1	9606.ENSP00000447053	9606.ENSP00000364133	0	0	0	0	0	0.140	0	0.067	0.163
RAB5C	SUOX	9606.ENSP00000447053	9606.ENSP00000377668	0	0	0	0	0	0	0	0.291	0.290
RAB5C	THADA	9606.ENSP00000447053	9606.ENSP00000385995	0	0	0	0	0	0	0	0.214	0.214
RAB5C	TPD52	9606.ENSP00000447053	9606.ENSP00000429309	0	0	0	0	0	0	0.600	0.472	0.780
RASAL3	WIZ	9606.ENSP00000341905	9606.ENSP00000263381	0	0	0	0	0	0	0	0.702	0.702
RASAL3	SAMSN1	9606.ENSP00000341905	9606.ENSP00000285670	0	0	0	0	0.350	0	0	0	0.350
RASAL3	TRAT1	9606.ENSP00000341905	9606.ENSP00000295756	0	0	0	0	0.207	0	0	0.148	0.295
RASAL3	SYK	9606.ENSP00000341905	9606.ENSP00000364907	0	0	0	0	0.171	0	0	0.056	0.184
RASAL3	SUOX	9606.ENSP00000341905	9606.ENSP00000377668	0	0	0	0	0	0	0	0.207	0.207
RASAL3	SP140	9606.ENSP00000341905	9606.ENSP00000375899	0	0	0	0	0.213	0	0	0	0.213
RASAL3	RGS1	9606.ENSP00000341905	9606.ENSP00000356429	0	0	0	0	0.229	0.057	0	0	0.242
RASAL3	TNFRSF14	9606.ENSP00000341905	9606.ENSP00000347948	0	0	0	0	0.281	0	0	0.053	0.289
RASAL3	TAGAP	9606.ENSP00000341905	9606.ENSP00000356033	0	0	0	0	0.389	0	0	0.043	0.390
RASAL3	TRAF1	9606.ENSP00000341905	9606.ENSP00000362994	0	0	0	0	0.199	0.327	0	0	0.437
RASAL3	SPRED2	9606.ENSP00000341905	9606.ENSP00000348753	0	0	0	0	0	0	0.500	0.076	0.518
RAVER1	RPS26	9606.ENSP00000293677	9606.ENSP00000348849	0	0	0	0	0.069	0	0	0.130	0.156
RAVER1	RPS6KA4	9606.ENSP00000293677	9606.ENSP00000333896	0	0	0	0	0.166	0	0	0	0.166
RAVER1	SLU7	9606.ENSP00000293677	9606.ENSP00000297151	0	0	0	0	0.054	0.144	0	0.101	0.208
RAVER1	WDR36	9606.ENSP00000293677	9606.ENSP00000423067	0	0	0	0	0.062	0.165	0	0.073	0.210
RAVER1	SNAPC4	9606.ENSP00000293677	9606.ENSP00000298532	0	0	0	0	0.119	0.213	0	0.048	0.282
RAVER1	ZGLP1	9606.ENSP00000293677	9606.ENSP00000384434	0	0	0	0	0.062	0	0	0.324	0.338
RAVER1	RBM17	9606.ENSP00000293677	9606.ENSP00000388638	0	0	0	0	0.141	0.148	0	0.384	0.510
RBM17	RPS6KB1	9606.ENSP00000388638	9606.ENSP00000225577	0	0	0	0	0.062	0	0	0.153	0.172
RBM17	SLU7	9606.ENSP00000388638	9606.ENSP00000297151	0	0	0	0	0.063	0	0	0.344	0.359
RBM17	TAGAP	9606.ENSP00000388638	9606.ENSP00000356033	0	0	0	0	0	0	0	0.268	0.268
RBM17	UBE2E2	9606.ENSP00000388638	9606.ENSP00000379931	0	0	0	0	0.108	0	0	0.107	0.170
RETNLB	STAT3	9606.ENSP00000295755	9606.ENSP00000264657	0	0	0	0	0	0	0	0.349	0.349
RETNLB	TSLP	9606.ENSP00000295755	9606.ENSP00000339804	0	0	0	0	0	0	0	0.371	0.371
RETNLB	SLC26A3	9606.ENSP00000295755	9606.ENSP00000345873	0	0	0	0	0.312	0	0	0.242	0.456
RETNLB	STAT6	9606.ENSP00000295755	9606.ENSP00000300134	0	0	0	0	0	0	0	0.637	0.637
RGS1	STAT3	9606.ENSP00000356429	9606.ENSP00000264657	0	0	0	0	0	0	0	0.155	0.154
RGS1	SAMSN1	9606.ENSP00000356429	9606.ENSP00000285670	0	0	0	0	0.247	0	0	0.163	0.343
RGS1	SYNGR1	9606.ENSP00000356429	9606.ENSP00000332287	0	0	0	0	0.062	0	0	0.166	0.184
RGS1	TCF7	9606.ENSP00000356429	9606.ENSP00000340347	0	0	0	0	0.062	0.127	0	0.193	0.281
RGS1	SBK1	9606.ENSP00000356429	9606.ENSP00000343248	0	0	0	0	0	0	0	0.438	0.438
RGS1	TNFRSF14	9606.ENSP00000356429	9606.ENSP00000347948	0	0	0	0	0.139	0	0	0.178	0.262
RGS1	TAGAP	9606.ENSP00000356429	9606.ENSP00000356033	0	0	0	0	0.319	0	0	0.611	0.723
RGS1	TGFBR1	9606.ENSP00000356429	9606.ENSP00000364133	0	0	0	0	0	0.112	0	0.107	0.173
RGS1	UBE2L3	9606.ENSP00000356429	9606.ENSP00000400906	0	0	0	0	0	0.059	0	0.158	0.173
RGS1	ZFP36L1	9606.ENSP00000356429	9606.ENSP00000388402	0	0	0	0	0	0	0	0.208	0.208
RGS1	SP140	9606.ENSP00000356429	9606.ENSP00000375899	0	0	0	0	0.154	0.058	0	0.095	0.216
RGS1	TRAF1	9606.ENSP00000356429	9606.ENSP00000362994	0	0	0	0	0.136	0	0	0.138	0.224
RGS1	SYK	9606.ENSP00000356429	9606.ENSP00000364907	0	0	0	0	0.143	0.112	0	0.086	0.244
RGS1	TNFSF14	9606.ENSP00000356429	9606.ENSP00000469049	0	0	0	0	0.061	0	0	0.257	0.272
RGS1	SCHIP1	9606.ENSP00000356429	9606.ENSP00000404860	0	0	0	0	0	0	0	0.334	0.334
RGS1	THEMIS	9606.ENSP00000356429	9606.ENSP00000357231	0	0	0	0	0.062	0	0	0.672	0.679
RNFT1	RPS6KB1	9606.ENSP00000304670	9606.ENSP00000225577	0	0	0	0	0.133	0	0	0.239	0.312
RNFT1	SAMSN1	9606.ENSP00000304670	9606.ENSP00000285670	0	0	0	0	0	0	0	0.437	0.437
RNFT1	TRAT1	9606.ENSP00000304670	9606.ENSP00000295756	0	0	0	0	0	0	0	0.151	0.150
RNFT1	TUBD1	9606.ENSP00000304670	9606.ENSP00000320797	0	0	0	0	0.064	0.075	0	0.492	0.521
RPL3	ZNF622	9606.ENSP00000346001	9606.ENSP00000310042	0	0	0	0	0.124	0.871	0	0.213	0.903
RPL3	SYNGR1	9606.ENSP00000346001	9606.ENSP00000332287	0	0	0	0	0	0	0	0.330	0.330
RPL3	RPS6KA4	9606.ENSP00000346001	9606.ENSP00000333896	0	0	0	0	0.062	0	0	0.145	0.163
RPL3	WDR36	9606.ENSP00000346001	9606.ENSP00000423067	0	0	0	0	0.137	0	0	0.182	0.264
RPL3	TRMT112	9606.ENSP00000346001	9606.ENSP00000438349	0	0	0	0	0.230	0.118	0	0	0.292
RPL3	RPS26	9606.ENSP00000346001	9606.ENSP00000348849	0	0	0	0	0.989	0.990	0	0.737	0.999
RPS26	TRMT112	9606.ENSP00000348849	9606.ENSP00000438349	0	0	0	0	0.164	0	0	0	0.164
RPS26	SUOX	9606.ENSP00000348849	9606.ENSP00000377668	0	0	0	0	0	0	0	0.459	0.459
RPS26	SP140	9606.ENSP00000348849	9606.ENSP00000375899	0	0	0	0	0	0	0	0.474	0.474
RPS6KA4	TICAM1	9606.ENSP00000333896	9606.ENSP00000248244	0	0	0	0	0.165	0	0	0	0.165
RPS6KA4	TNIP1	9606.ENSP00000333896	9606.ENSP00000317891	0	0	0	0	0.110	0	0	0.120	0.183
RPS6KA4	SMARCE1	9606.ENSP00000333896	9606.ENSP00000323967	0	0	0	0	0.075	0.150	0	0.143	0.267
RPS6KA4	TNFSF15	9606.ENSP00000333896	9606.ENSP00000363157	0	0	0	0	0	0	0	0.154	0.153
RPS6KA4	TGFBR2	9606.ENSP00000333896	9606.ENSP00000351905	0	0	0	0.548	0.088	0.120	0	0.043	0.163
RPS6KB1	TH	9606.ENSP00000225577	9606.ENSP00000370571	0	0	0	0	0	0	0	0.172	0.171
RPS6KB1	STAT6	9606.ENSP00000225577	9606.ENSP00000300134	0	0	0	0	0.062	0	0	0.261	0.277
RPS6KB1	TUBD1	9606.ENSP00000225577	9606.ENSP00000320797	0	0	0	0	0.215	0	0	0.251	0.386
RPS6KB1	SYK	9606.ENSP00000225577	9606.ENSP00000364907	0	0	0	0.572	0.056	0.308	0	0.291	0.394
RPS6KB1	SESN3	9606.ENSP00000225577	9606.ENSP00000441927	0	0	0	0	0	0.132	0	0.415	0.471
RPS6KB1	STAT3	9606.ENSP00000225577	9606.ENSP00000264657	0	0	0	0	0.062	0	0	0.613	0.621
RPS6KB1	TGFBR2	9606.ENSP00000225577	9606.ENSP00000351905	0	0	0	0.556	0.056	0.091	0.900	0.172	0.912
RPS6KB1	TGFBR1	9606.ENSP00000225577	9606.ENSP00000364133	0	0	0	0.554	0.056	0.150	0.900	0.240	0.920
SAMSN1	TRAT1	9606.ENSP00000285670	9606.ENSP00000295756	0	0	0	0	0.152	0	0	0	0.151
SAMSN1	TPD52	9606.ENSP00000285670	9606.ENSP00000429309	0	0	0	0	0	0	0	0.159	0.159
SAMSN1	TNFRSF14	9606.ENSP00000285670	9606.ENSP00000347948	0	0	0	0	0.177	0	0	0	0.177
SAMSN1	TRAF1	9606.ENSP00000285670	9606.ENSP00000362994	0	0	0	0	0.172	0	0	0.066	0.193
SAMSN1	SP140	9606.ENSP00000285670	9606.ENSP00000375899	0	0	0	0	0.193	0	0	0.044	0.195
SAMSN1	SYK	9606.ENSP00000285670	9606.ENSP00000364907	0	0	0	0	0.141	0.056	0	0.120	0.224
SAMSN1	TNFSF15	9606.ENSP00000285670	9606.ENSP00000363157	0	0	0	0	0	0	0	0.316	0.316
SAMSN1	TAGAP	9606.ENSP00000285670	9606.ENSP00000356033	0	0	0	0	0.332	0	0	0	0.332
SAMSN1	STAT6	9606.ENSP00000285670	9606.ENSP00000300134	0	0	0	0	0.069	0	0	0.430	0.446
SBK1	SOX8	9606.ENSP00000343248	9606.ENSP00000293894	0	0	0	0	0.088	0	0	0.107	0.150
SCHIP1	TNIP1	9606.ENSP00000404860	9606.ENSP00000317891	0	0	0	0	0	0	0	0.260	0.260
SCHIP1	TUBD1	9606.ENSP00000404860	9606.ENSP00000320797	0	0	0	0	0	0	0	0.168	0.168
SCHIP1	TAGAP	9606.ENSP00000404860	9606.ENSP00000356033	0	0	0	0	0	0	0	0.374	0.374
SCT	SSTR3	9606.ENSP00000176195	9606.ENSP00000480971	0	0	0	0	0	0	0	0.180	0.180
SCT	SLC26A3	9606.ENSP00000176195	9606.ENSP00000345873	0	0	0	0	0	0	0	0.239	0.239
SCT	TH	9606.ENSP00000176195	9606.ENSP00000370571	0	0	0	0	0	0	0	0.245	0.245
SCT	SLC9A3	9606.ENSP00000176195	9606.ENSP00000264938	0	0	0	0	0	0	0	0.262	0.262
SDF2L1	UBE2E2	9606.ENSP00000248958	9606.ENSP00000379931	0	0	0	0	0	0	0	0.232	0.232
SERINC3	SLX4	9606.ENSP00000340243	9606.ENSP00000294008	0	0	0	0	0	0	0	0.313	0.313
SERINC3	TRAT1	9606.ENSP00000340243	9606.ENSP00000295756	0	0	0	0	0	0	0	0.198	0.198
SERINC3	TAGAP	9606.ENSP00000340243	9606.ENSP00000356033	0	0	0	0	0	0	0	0.204	0.204
SLC12A5	SLC9A3	9606.ENSP00000387694	9606.ENSP00000264938	0	0	0	0	0	0.078	0	0.366	0.390
SLC12A5	SLC15A4	9606.ENSP00000387694	9606.ENSP00000266771	0	0	0	0	0.062	0	0	0.575	0.584
SLC12A5	SLITRK1	9606.ENSP00000387694	9606.ENSP00000366288	0	0	0	0	0.226	0	0	0	0.226
SLC12A5	TH	9606.ENSP00000387694	9606.ENSP00000370571	0	0	0	0	0.062	0	0	0.169	0.187
SLC12A5	TMPRSS6	9606.ENSP00000387694	9606.ENSP00000371211	0	0	0	0	0	0	0	0.249	0.248
SLC15A4	SLC22A4	9606.ENSP00000266771	9606.ENSP00000200652	0	0	0	0	0.061	0	0	0.288	0.303
SLC15A4	SLC22A5	9606.ENSP00000266771	9606.ENSP00000245407	0	0	0	0	0.061	0	0	0.299	0.314
SLC15A4	SLC9A3	9606.ENSP00000266771	9606.ENSP00000264938	0	0	0	0	0.063	0.069	0	0.152	0.196
SLC15A4	UBE2L3	9606.ENSP00000266771	9606.ENSP00000400906	0	0	0	0	0	0	0	0.402	0.402
SLC15A4	TNIP1	9606.ENSP00000266771	9606.ENSP00000317891	0	0	0	0	0.062	0	0	0.470	0.481
SLC22A4	SLC26A3	9606.ENSP00000200652	9606.ENSP00000345873	0	0	0	0	0	0	0	0.151	0.151
SLC22A4	SLC7A10	9606.ENSP00000200652	9606.ENSP00000253188	0	0	0	0	0	0.158	0	0.059	0.173
SLC22A4	SLC9A4	9606.ENSP00000200652	9606.ENSP00000295269	0	0	0	0	0	0	0	0.194	0.194
SLC22A4	TNFSF15	9606.ENSP00000200652	9606.ENSP00000363157	0	0	0	0	0	0	0	0.226	0.226
SLC22A4	ZPBP2	9606.ENSP00000200652	9606.ENSP00000335384	0	0	0	0	0	0	0	0.231	0.230
SLC22A4	SLC9A3	9606.ENSP00000200652	9606.ENSP00000264938	0	0	0	0	0.049	0	0	0.251	0.258
SLC22A4	TRAF1	9606.ENSP00000200652	9606.ENSP00000362994	0	0	0	0	0.065	0	0	0.264	0.282
SLC22A4	TNFRSF14	9606.ENSP00000200652	9606.ENSP00000347948	0	0	0	0	0.070	0	0	0.389	0.407
SLC22A5	SLC26A3	9606.ENSP00000245407	9606.ENSP00000345873	0	0	0	0	0	0	0	0.154	0.154
SLC22A5	TSLP	9606.ENSP00000245407	9606.ENSP00000339804	0	0	0	0	0	0	0	0.182	0.181
SLC22A5	SLC7A10	9606.ENSP00000245407	9606.ENSP00000253188	0	0	0	0	0	0.158	0	0.079	0.191
SLC22A5	TNFSF15	9606.ENSP00000245407	9606.ENSP00000363157	0	0	0	0	0	0	0	0.208	0.208
SLC22A5	SLC9A3	9606.ENSP00000245407	9606.ENSP00000264938	0	0	0	0	0.062	0	0	0.192	0.210
SLC22A5	SLC9A4	9606.ENSP00000245407	9606.ENSP00000295269	0	0	0	0	0	0	0	0.214	0.214
SLC22A5	ZPBP2	9606.ENSP00000245407	9606.ENSP00000335384	0	0	0	0	0	0	0	0.317	0.317
SLC26A3	SLC9A3	9606.ENSP00000345873	9606.ENSP00000264938	0	0	0	0	0.069	0	0	0.973	0.974
SLC26A3	SLC9A4	9606.ENSP00000345873	9606.ENSP00000295269	0	0	0	0	0	0	0	0.339	0.339
SLC7A10	SUOX	9606.ENSP00000253188	9606.ENSP00000377668	0.046	0	0	0	0	0	0	0.153	0.158
SLC9A3	SLC9A4	9606.ENSP00000264938	9606.ENSP00000295269	0	0	0	0.851	0.062	0	0	0.838	0.178
SLITRK1	SYNGR1	9606.ENSP00000366288	9606.ENSP00000332287	0	0	0	0	0.117	0	0	0.202	0.266
SLU7	ZPBP2	9606.ENSP00000297151	9606.ENSP00000335384	0	0	0	0	0	0	0	0.155	0.154
SLU7	ZNF300	9606.ENSP00000297151	9606.ENSP00000397178	0	0	0	0	0	0.078	0	0.183	0.214
SLU7	SNAPC4	9606.ENSP00000297151	9606.ENSP00000298532	0	0	0	0	0.066	0.369	0	0.431	0.635
SLU7	TUBD1	9606.ENSP00000297151	9606.ENSP00000320797	0	0	0	0	0	0.056	0	0.681	0.686
SMARCE1	STAT3	9606.ENSP00000323967	9606.ENSP00000264657	0	0	0	0	0	0	0	0.169	0.169
SMARCE1	SUOX	9606.ENSP00000323967	9606.ENSP00000377668	0	0	0	0	0	0	0	0.199	0.199
SMARCE1	UBE2E2	9606.ENSP00000323967	9606.ENSP00000379931	0	0	0	0	0.090	0	0	0.197	0.238
SNAPC4	ZNF622	9606.ENSP00000298532	9606.ENSP00000310042	0	0	0	0	0.063	0	0	0.146	0.165
SOX8	TUBD1	9606.ENSP00000293894	9606.ENSP00000320797	0	0	0	0	0	0.056	0	0.157	0.170
SOX8	ZGLP1	9606.ENSP00000293894	9606.ENSP00000384434	0	0	0	0	0	0.143	0	0.075	0.173
SOX8	ZFP36L1	9606.ENSP00000293894	9606.ENSP00000388402	0	0	0	0	0	0.151	0	0.065	0.173
SOX8	TCF7	9606.ENSP00000293894	9606.ENSP00000340347	0	0	0	0.566	0.062	0.153	0	0.226	0.240
SP110	ZFP36L1	9606.ENSP00000258381	9606.ENSP00000388402	0	0	0	0	0.062	0.080	0	0.110	0.164
SP110	TAGAP	9606.ENSP00000258381	9606.ENSP00000356033	0	0	0	0	0.153	0	0	0.066	0.175
SP110	TNFRSF14	9606.ENSP00000258381	9606.ENSP00000347948	0	0	0	0	0.089	0	0	0.140	0.183
SP110	SP140	9606.ENSP00000258381	9606.ENSP00000375899	0	0	0	0.824	0.258	0	0	0.483	0.318
SP140	TRAT1	9606.ENSP00000375899	9606.ENSP00000295756	0	0	0	0	0.126	0	0	0.149	0.225
SP140	TNFRSF14	9606.ENSP00000375899	9606.ENSP00000347948	0	0	0	0	0.129	0	0	0.066	0.151
SP140	TAGAP	9606.ENSP00000375899	9606.ENSP00000356033	0	0	0	0	0.237	0	0	0.100	0.283
SP140	TRAF1	9606.ENSP00000375899	9606.ENSP00000362994	0	0	0	0	0.172	0	0	0.060	0.188
SP140	ZFP36L1	9606.ENSP00000375899	9606.ENSP00000388402	0	0	0	0	0.062	0.080	0	0.118	0.173
SPRED2	TNIP1	9606.ENSP00000348753	9606.ENSP00000317891	0	0	0	0	0	0	0	0.161	0.161
SPRED2	SYK	9606.ENSP00000348753	9606.ENSP00000364907	0	0	0	0	0	0.132	0	0.099	0.184
SPRED2	TAGAP	9606.ENSP00000348753	9606.ENSP00000356033	0	0	0	0	0	0	0	0.261	0.261
SPRED2	TRAF1	9606.ENSP00000348753	9606.ENSP00000362994	0	0	0	0	0.058	0	0	0.260	0.273
SPTA1	TMPRSS6	9606.ENSP00000357129	9606.ENSP00000371211	0	0	0	0	0	0	0	0.491	0.491
SSTR3	TAGAP	9606.ENSP00000480971	9606.ENSP00000356033	0	0	0	0	0.069	0	0	0.357	0.375
SSTR3	TOM1	9606.ENSP00000480971	9606.ENSP00000413697	0	0	0	0	0	0	0	0.188	0.188
STAT3	TICAM1	9606.ENSP00000264657	9606.ENSP00000248244	0	0	0	0	0	0	0	0.231	0.230
STAT3	WISP1	9606.ENSP00000264657	9606.ENSP00000250160	0	0	0	0	0.052	0	0	0.153	0.162
STAT3	TNFRSF11A	9606.ENSP00000264657	9606.ENSP00000465500	0	0	0	0	0	0	0	0.160	0.159
STAT3	TNFSF14	9606.ENSP00000264657	9606.ENSP00000469049	0	0	0	0	0.062	0	0	0.182	0.199
STAT3	TAGAP	9606.ENSP00000264657	9606.ENSP00000356033	0	0	0	0	0	0	0	0.216	0.216
STAT3	TNIP1	9606.ENSP00000264657	9606.ENSP00000317891	0	0	0	0	0.062	0	0	0.231	0.247
STAT3	TRAT1	9606.ENSP00000264657	9606.ENSP00000295756	0	0	0	0	0	0	0	0.257	0.256
STAT3	TNFRSF14	9606.ENSP00000264657	9606.ENSP00000347948	0	0	0	0	0	0	0	0.281	0.281
STAT3	TH	9606.ENSP00000264657	9606.ENSP00000370571	0	0	0	0	0	0	0	0.290	0.290
STAT3	TRAF1	9606.ENSP00000264657	9606.ENSP00000362994	0	0	0	0	0	0	0	0.325	0.325
STAT3	TCF7	9606.ENSP00000264657	9606.ENSP00000340347	0	0	0	0	0.049	0	0	0.326	0.332
STAT3	TMPRSS6	9606.ENSP00000264657	9606.ENSP00000371211	0	0	0	0	0	0	0	0.341	0.341
STAT3	TNFSF15	9606.ENSP00000264657	9606.ENSP00000363157	0	0	0	0	0	0	0	0.365	0.365
STAT3	TGFBR1	9606.ENSP00000264657	9606.ENSP00000364133	0	0	0	0	0	0.140	0	0.436	0.494
STAT3	TGFBR2	9606.ENSP00000264657	9606.ENSP00000351905	0	0	0	0	0.062	0.140	0	0.554	0.609
STAT3	TSLP	9606.ENSP00000264657	9606.ENSP00000339804	0	0	0	0	0	0.213	0.600	0.464	0.816
STAT3	STAT6	9606.ENSP00000264657	9606.ENSP00000300134	0	0	0	0.634	0.062	0.094	0.800	0.848	0.872
STAT3	SYK	9606.ENSP00000264657	9606.ENSP00000364907	0	0	0	0	0	0.886	0	0.726	0.967
STAT6	TICAM1	9606.ENSP00000300134	9606.ENSP00000248244	0	0	0	0	0.076	0	0	0.254	0.282
STAT6	TMEM194A	9606.ENSP00000300134	9606.ENSP00000300128	0	0	0	0	0	0	0	0.352	0.352
STAT6	ZPBP2	9606.ENSP00000300134	9606.ENSP00000335384	0	0	0	0	0	0	0	0.165	0.165
STAT6	TRAF1	9606.ENSP00000300134	9606.ENSP00000362994	0	0	0	0	0.088	0	0	0.154	0.195
STAT6	TNFSF15	9606.ENSP00000300134	9606.ENSP00000363157	0	0	0	0	0	0	0	0.207	0.207
STAT6	TCF7	9606.ENSP00000300134	9606.ENSP00000340347	0	0	0	0	0.049	0	0	0.234	0.240
STAT6	WDR36	9606.ENSP00000300134	9606.ENSP00000423067	0	0	0	0	0	0	0	0.242	0.241
STAT6	TGFBR1	9606.ENSP00000300134	9606.ENSP00000364133	0	0	0	0	0.062	0.140	0	0.172	0.274
STAT6	TNFRSF14	9606.ENSP00000300134	9606.ENSP00000347948	0	0	0	0	0.143	0	0	0.260	0.338
STAT6	TGFBR2	9606.ENSP00000300134	9606.ENSP00000351905	0	0	0	0	0.107	0.140	0	0.252	0.376
STAT6	SYK	9606.ENSP00000300134	9606.ENSP00000364907	0	0	0	0	0.086	0.140	0	0.396	0.484
STAT6	TSLP	9606.ENSP00000300134	9606.ENSP00000339804	0	0	0	0	0	0	0	0.638	0.638
SUOX	TNFRSF11A	9606.ENSP00000377668	9606.ENSP00000465500	0	0	0	0	0	0.152	0	0	0.151
SUOX	ZGLP1	9606.ENSP00000377668	9606.ENSP00000384434	0	0	0	0	0	0	0	0.218	0.218
SUOX	THADA	9606.ENSP00000377668	9606.ENSP00000385995	0	0	0	0	0	0	0	0.770	0.770
SYK	TICAM1	9606.ENSP00000364907	9606.ENSP00000248244	0	0	0	0	0.062	0.345	0	0.243	0.494
SYK	TRAT1	9606.ENSP00000364907	9606.ENSP00000295756	0	0	0	0	0.109	0	0.900	0.194	0.921
SYK	TSLP	9606.ENSP00000364907	9606.ENSP00000339804	0	0	0	0	0	0	0	0.294	0.294
SYK	TNFRSF14	9606.ENSP00000364907	9606.ENSP00000347948	0	0	0	0	0.097	0	0	0.218	0.263
SYK	TGFBR2	9606.ENSP00000364907	9606.ENSP00000351905	0	0	0	0	0.062	0	0	0.188	0.205
SYK	TAGAP	9606.ENSP00000364907	9606.ENSP00000356033	0	0	0	0	0.232	0.058	0	0.041	0.246
SYK	THEMIS	9606.ENSP00000364907	9606.ENSP00000357231	0	0	0	0	0.063	0	0	0.164	0.183
SYK	TRAF1	9606.ENSP00000364907	9606.ENSP00000362994	0	0	0	0	0.088	0.099	0	0.213	0.297
SYK	TNFRSF11A	9606.ENSP00000364907	9606.ENSP00000465500	0	0	0	0	0	0.057	0	0.398	0.408
TAGAP	TRAT1	9606.ENSP00000356033	9606.ENSP00000295756	0	0	0	0	0.213	0	0	0.075	0.240
TAGAP	TMEM194A	9606.ENSP00000356033	9606.ENSP00000300128	0	0	0	0	0	0	0	0.211	0.211
TAGAP	TNIP1	9606.ENSP00000356033	9606.ENSP00000317891	0	0	0	0	0.063	0	0	0.381	0.395
TAGAP	TNFRSF14	9606.ENSP00000356033	9606.ENSP00000347948	0	0	0	0	0.200	0	0	0.349	0.457
TAGAP	TNFSF15	9606.ENSP00000356033	9606.ENSP00000363157	0	0	0	0	0	0	0	0.193	0.193
TAGAP	TRAF1	9606.ENSP00000356033	9606.ENSP00000362994	0	0	0	0	0.153	0	0	0.241	0.329
TAGAP	ZFP36L1	9606.ENSP00000356033	9606.ENSP00000388402	0	0	0	0	0	0	0	0.332	0.332
TAGAP	UBE2L3	9606.ENSP00000356033	9606.ENSP00000400906	0	0	0	0	0	0	0	0.338	0.338
TAGAP	TNFSF14	9606.ENSP00000356033	9606.ENSP00000469049	0	0	0	0	0.083	0	0	0.383	0.410
TAGAP	WDR36	9606.ENSP00000356033	9606.ENSP00000423067	0	0	0	0	0	0	0	0.537	0.537
TCF7	WISP1	9606.ENSP00000340347	9606.ENSP00000250160	0	0	0	0	0	0	0	0.348	0.348
TCF7	TRAT1	9606.ENSP00000340347	9606.ENSP00000295756	0	0	0	0	0.100	0	0	0.114	0.169
TCF7	TGFBR2	9606.ENSP00000340347	9606.ENSP00000351905	0	0	0	0	0	0.057	0	0.136	0.151
TCF7	TRAF1	9606.ENSP00000340347	9606.ENSP00000362994	0	0	0	0	0.062	0.148	0	0.052	0.176
TCF7	TNFSF14	9606.ENSP00000340347	9606.ENSP00000469049	0	0	0	0	0	0	0	0.183	0.183
TGFBR1	WISP1	9606.ENSP00000364133	9606.ENSP00000250160	0	0	0	0	0	0	0	0.303	0.303
TGFBR1	TGFBR2	9606.ENSP00000364133	9606.ENSP00000351905	0	0	0	0.791	0.062	0.977	0.900	0.990	0.998
TGFBR1	TRAF1	9606.ENSP00000364133	9606.ENSP00000362994	0	0	0	0	0.062	0.099	0	0.150	0.219
TGFBR1	TNFRSF11A	9606.ENSP00000364133	9606.ENSP00000465500	0	0	0	0	0	0.057	0	0.151	0.165
TGFBR2	WISP1	9606.ENSP00000351905	9606.ENSP00000250160	0	0	0	0	0.080	0	0	0.454	0.476
TGFBR2	TRIM46	9606.ENSP00000351905	9606.ENSP00000334657	0	0	0	0	0	0.057	0	0.190	0.203
TGFBR2	TSLP	9606.ENSP00000351905	9606.ENSP00000339804	0	0	0	0	0	0	0	0.163	0.163
TGFBR2	TNFRSF14	9606.ENSP00000351905	9606.ENSP00000347948	0	0	0	0	0.097	0	0	0.109	0.161
TGFBR2	ZFP36L1	9606.ENSP00000351905	9606.ENSP00000388402	0	0	0	0	0.099	0.061	0	0.113	0.184
TGFBR2	TRAF1	9606.ENSP00000351905	9606.ENSP00000362994	0	0	0	0	0.091	0.099	0	0.140	0.234
TH	ZGLP1	9606.ENSP00000370571	9606.ENSP00000384434	0	0	0	0	0	0.162	0	0	0.161
THADA	UBE2E2	9606.ENSP00000385995	9606.ENSP00000379931	0	0	0	0	0.099	0	0	0.310	0.352
THADA	ZBTB38	9606.ENSP00000385995	9606.ENSP00000426387	0	0	0	0	0.062	0	0	0.249	0.265
THADA	TRMT112	9606.ENSP00000385995	9606.ENSP00000438349	0	0	0	0	0.168	0	0	0.459	0.530
THADA	WDR36	9606.ENSP00000385995	9606.ENSP00000423067	0	0	0	0	0.652	0.123	0	0.049	0.684
THBS3	WISP1	9606.ENSP00000357362	9606.ENSP00000250160	0	0	0	0	0.062	0	0	0.213	0.230
THBS3	TRIM46	9606.ENSP00000357362	9606.ENSP00000334657	0	0	0	0	0.077	0	0	0.814	0.820
THEMIS	TRAT1	9606.ENSP00000357231	9606.ENSP00000295756	0	0	0	0	0.182	0	0	0	0.182
TICAM1	TRAT1	9606.ENSP00000248244	9606.ENSP00000295756	0	0	0	0	0	0	0	0.154	0.153
TICAM1	TSLP	9606.ENSP00000248244	9606.ENSP00000339804	0	0	0	0	0	0	0	0.159	0.159
TICAM1	TNFRSF14	9606.ENSP00000248244	9606.ENSP00000347948	0	0	0	0	0.153	0	0	0.055	0.165
TICAM1	TNIP1	9606.ENSP00000248244	9606.ENSP00000317891	0	0	0	0	0.152	0	0	0.067	0.174
TICAM1	TRAF1	9606.ENSP00000248244	9606.ENSP00000362994	0	0	0	0	0.140	0.686	0	0.453	0.839
TMEM258	TRMT112	9606.ENSP00000443216	9606.ENSP00000438349	0	0	0	0	0.267	0	0	0	0.267
TNFRSF11A	TNIP1	9606.ENSP00000465500	9606.ENSP00000317891	0	0	0	0	0	0	0	0.219	0.219
TNFRSF11A	TRAF1	9606.ENSP00000465500	9606.ENSP00000362994	0	0	0	0	0.062	0.684	0	0.454	0.824
TNFRSF11A	TNFSF15	9606.ENSP00000465500	9606.ENSP00000363157	0	0	0	0	0	0	0	0.206	0.206
TNFRSF11A	TPD52	9606.ENSP00000465500	9606.ENSP00000429309	0	0	0	0	0	0	0	0.159	0.159
TNFRSF11A	TNFSF14	9606.ENSP00000465500	9606.ENSP00000469049	0	0	0	0	0	0.317	0.600	0.200	0.762
TNFRSF14	TRAT1	9606.ENSP00000347948	9606.ENSP00000295756	0	0	0	0	0.116	0	0	0.168	0.234
TNFRSF14	TNIP1	9606.ENSP00000347948	9606.ENSP00000317891	0	0	0	0	0.098	0	0	0.198	0.246
TNFRSF14	TSLP	9606.ENSP00000347948	9606.ENSP00000339804	0	0	0	0	0	0	0	0.194	0.194
TNFRSF14	ZFP36L1	9606.ENSP00000347948	9606.ENSP00000388402	0	0	0	0	0	0	0	0.185	0.185
TNFRSF14	TNFSF15	9606.ENSP00000347948	9606.ENSP00000363157	0	0	0	0	0	0	0	0.517	0.517
TNFRSF14	TRAF1	9606.ENSP00000347948	9606.ENSP00000362994	0	0	0	0	0.213	0.281	0	0.559	0.728
TNFRSF14	TNFSF14	9606.ENSP00000347948	9606.ENSP00000469049	0	0	0	0	0.063	0.958	0.800	0.988	0.999
TNFSF14	TSLP	9606.ENSP00000469049	9606.ENSP00000339804	0	0	0	0	0	0	0	0.292	0.292
TNFSF14	TRAF1	9606.ENSP00000469049	9606.ENSP00000362994	0	0	0	0	0.059	0	0	0.161	0.176
TNFSF14	TNFSF15	9606.ENSP00000469049	9606.ENSP00000363157	0	0	0	0.690	0.063	0	0	0.556	0.218
TNFSF15	ZPBP2	9606.ENSP00000363157	9606.ENSP00000335384	0	0	0	0	0	0	0	0.218	0.218
TNFSF15	TSLP	9606.ENSP00000363157	9606.ENSP00000339804	0	0	0	0	0	0	0	0.428	0.428
TNFSF15	TRAF1	9606.ENSP00000363157	9606.ENSP00000362994	0	0	0	0	0.062	0	0	0.233	0.249
TNIP1	ZGLP1	9606.ENSP00000317891	9606.ENSP00000384434	0	0	0	0	0	0	0	0.170	0.169
TNIP1	WDR36	9606.ENSP00000317891	9606.ENSP00000423067	0	0	0	0	0	0	0	0.193	0.193
TNIP1	ZNF300	9606.ENSP00000317891	9606.ENSP00000397178	0	0	0	0	0	0	0	0.283	0.283
TNIP1	UBE2L3	9606.ENSP00000317891	9606.ENSP00000400906	0	0	0	0	0	0	0	0.488	0.488
TNIP1	TRAF1	9606.ENSP00000317891	9606.ENSP00000362994	0	0	0	0	0.143	0.270	0	0.487	0.651
TPD52	ZFP36L1	9606.ENSP00000429309	9606.ENSP00000388402	0	0	0	0	0	0	0	0.159	0.159
TRAF1	ZFP36L1	9606.ENSP00000362994	9606.ENSP00000388402	0	0	0	0	0	0	0	0.151	0.150
TRAF1	ZGLP1	9606.ENSP00000362994	9606.ENSP00000384434	0	0	0	0	0	0.154	0	0.048	0.160
TRAF1	UBE2E2	9606.ENSP00000362994	9606.ENSP00000379931	0	0	0	0	0	0.173	0	0.057	0.186
TRAF1	UBE2L3	9606.ENSP00000362994	9606.ENSP00000400906	0	0	0	0	0.056	0.173	0	0.397	0.488
TRAT1	UBE2E2	9606.ENSP00000295756	9606.ENSP00000379931	0	0	0	0	0	0	0	0.171	0.171
TRAT1	UBE2L3	9606.ENSP00000295756	9606.ENSP00000400906	0	0	0	0	0	0	0	0.210	0.210
TRAT1	TRIM46	9606.ENSP00000295756	9606.ENSP00000334657	0	0	0	0	0	0	0	0.514	0.514
TSLP	ZPBP2	9606.ENSP00000339804	9606.ENSP00000335384	0	0	0	0	0	0	0	0.368	0.368
TSLP	WDR36	9606.ENSP00000339804	9606.ENSP00000423067	0	0	0	0	0.062	0	0	0.528	0.538
TUBD1	ZPBP2	9606.ENSP00000320797	9606.ENSP00000335384	0	0	0	0	0	0	0	0.171	0.171
UBE2E2	UBE2L3	9606.ENSP00000379931	9606.ENSP00000400906	0	0	0	0.792	0.062	0.153	0	0.745	0.298
UBE2L3	ZGLP1	9606.ENSP00000400906	9606.ENSP00000384434	0	0	0	0	0	0.056	0	0.154	0.167
UBE2L3	ZFP36L1	9606.ENSP00000400906	9606.ENSP00000388402	0	0	0	0	0	0	0	0.186	0.186
WDR36	ZNF622	9606.ENSP00000423067	9606.ENSP00000310042	0	0	0	0	0.201	0	0	0	0.201
WDR36	ZPBP2	9606.ENSP00000423067	9606.ENSP00000335384	0	0	0	0	0	0	0	0.181	0.181
ZFP36L1	ZNF622	9606.ENSP00000388402	9606.ENSP00000310042	0	0	0	0	0.062	0	0	0.202	0.219
